D,2.87
g_e,-28.03
B,0.005
polar,0
azimuthal,45
nv_orientation,"(1, -1, -1)"
frequencies,"[1.87       1.872002   1.874004   1.87600601 1.87800801 1.88001001
 1.88201201 1.88401401 1.88601602 1.88801802 1.89002002 1.89202202
 1.89402402 1.89602603 1.89802803 1.90003003 1.90203203 1.90403403
 1.90603604 1.90803804 1.91004004 1.91204204 1.91404404 1.91604605
 1.91804805 1.92005005 1.92205205 1.92405405 1.92605606 1.92805806
 1.93006006 1.93206206 1.93406406 1.93606607 1.93806807 1.94007007
 1.94207207 1.94407407 1.94607608 1.94807808 1.95008008 1.95208208
 1.95408408 1.95608609 1.95808809 1.96009009 1.96209209 1.96409409
 1.9660961  1.9680981  1.9701001  1.9721021  1.9741041  1.97610611
 1.97810811 1.98011011 1.98211211 1.98411411 1.98611612 1.98811812
 1.99012012 1.99212212 1.99412412 1.99612613 1.99812813 2.00013013
 2.00213213 2.00413413 2.00613614 2.00813814 2.01014014 2.01214214
 2.01414414 2.01614615 2.01814815 2.02015015 2.02215215 2.02415415
 2.02615616 2.02815816 2.03016016 2.03216216 2.03416416 2.03616617
 2.03816817 2.04017017 2.04217217 2.04417417 2.04617618 2.04817818
 2.05018018 2.05218218 2.05418418 2.05618619 2.05818819 2.06019019
 2.06219219 2.06419419 2.0661962  2.0681982  2.0702002  2.0722022
 2.0742042  2.07620621 2.07820821 2.08021021 2.08221221 2.08421421
 2.08621622 2.08821822 2.09022022 2.09222222 2.09422422 2.09622623
 2.09822823 2.10023023 2.10223223 2.10423423 2.10623624 2.10823824
 2.11024024 2.11224224 2.11424424 2.11624625 2.11824825 2.12025025
 2.12225225 2.12425425 2.12625626 2.12825826 2.13026026 2.13226226
 2.13426426 2.13626627 2.13826827 2.14027027 2.14227227 2.14427427
 2.14627628 2.14827828 2.15028028 2.15228228 2.15428428 2.15628629
 2.15828829 2.16029029 2.16229229 2.16429429 2.1662963  2.1682983
 2.1703003  2.1723023  2.1743043  2.17630631 2.17830831 2.18031031
 2.18231231 2.18431431 2.18631632 2.18831832 2.19032032 2.19232232
 2.19432432 2.19632633 2.19832833 2.20033033 2.20233233 2.20433433
 2.20633634 2.20833834 2.21034034 2.21234234 2.21434434 2.21634635
 2.21834835 2.22035035 2.22235235 2.22435435 2.22635636 2.22835836
 2.23036036 2.23236236 2.23436436 2.23636637 2.23836837 2.24037037
 2.24237237 2.24437437 2.24637638 2.24837838 2.25038038 2.25238238
 2.25438438 2.25638639 2.25838839 2.26039039 2.26239239 2.26439439
 2.2663964  2.2683984  2.2704004  2.2724024  2.2744044  2.27640641
 2.27840841 2.28041041 2.28241241 2.28441441 2.28641642 2.28841842
 2.29042042 2.29242242 2.29442442 2.29642643 2.29842843 2.30043043
 2.30243243 2.30443443 2.30643644 2.30843844 2.31044044 2.31244244
 2.31444444 2.31644645 2.31844845 2.32045045 2.32245245 2.32445445
 2.32645646 2.32845846 2.33046046 2.33246246 2.33446446 2.33646647
 2.33846847 2.34047047 2.34247247 2.34447447 2.34647648 2.34847848
 2.35048048 2.35248248 2.35448448 2.35648649 2.35848849 2.36049049
 2.36249249 2.36449449 2.3664965  2.3684985  2.3705005  2.3725025
 2.3745045  2.37650651 2.37850851 2.38051051 2.38251251 2.38451451
 2.38651652 2.38851852 2.39052052 2.39252252 2.39452452 2.39652653
 2.39852853 2.40053053 2.40253253 2.40453453 2.40653654 2.40853854
 2.41054054 2.41254254 2.41454454 2.41654655 2.41854855 2.42055055
 2.42255255 2.42455455 2.42655656 2.42855856 2.43056056 2.43256256
 2.43456456 2.43656657 2.43856857 2.44057057 2.44257257 2.44457457
 2.44657658 2.44857858 2.45058058 2.45258258 2.45458458 2.45658659
 2.45858859 2.46059059 2.46259259 2.46459459 2.4665966  2.4685986
 2.4706006  2.4726026  2.4746046  2.47660661 2.47860861 2.48061061
 2.48261261 2.48461461 2.48661662 2.48861862 2.49062062 2.49262262
 2.49462462 2.49662663 2.49862863 2.50063063 2.50263263 2.50463463
 2.50663664 2.50863864 2.51064064 2.51264264 2.51464464 2.51664665
 2.51864865 2.52065065 2.52265265 2.52465465 2.52665666 2.52865866
 2.53066066 2.53266266 2.53466466 2.53666667 2.53866867 2.54067067
 2.54267267 2.54467467 2.54667668 2.54867868 2.55068068 2.55268268
 2.55468468 2.55668669 2.55868869 2.56069069 2.56269269 2.56469469
 2.5666967  2.5686987  2.5707007  2.5727027  2.5747047  2.57670671
 2.57870871 2.58071071 2.58271271 2.58471471 2.58671672 2.58871872
 2.59072072 2.59272272 2.59472472 2.59672673 2.59872873 2.60073073
 2.60273273 2.60473473 2.60673674 2.60873874 2.61074074 2.61274274
 2.61474474 2.61674675 2.61874875 2.62075075 2.62275275 2.62475475
 2.62675676 2.62875876 2.63076076 2.63276276 2.63476476 2.63676677
 2.63876877 2.64077077 2.64277277 2.64477477 2.64677678 2.64877878
 2.65078078 2.65278278 2.65478478 2.65678679 2.65878879 2.66079079
 2.66279279 2.66479479 2.6667968  2.6687988  2.6708008  2.6728028
 2.6748048  2.67680681 2.67880881 2.68081081 2.68281281 2.68481481
 2.68681682 2.68881882 2.69082082 2.69282282 2.69482482 2.69682683
 2.69882883 2.70083083 2.70283283 2.70483483 2.70683684 2.70883884
 2.71084084 2.71284284 2.71484484 2.71684685 2.71884885 2.72085085
 2.72285285 2.72485485 2.72685686 2.72885886 2.73086086 2.73286286
 2.73486486 2.73686687 2.73886887 2.74087087 2.74287287 2.74487487
 2.74687688 2.74887888 2.75088088 2.75288288 2.75488488 2.75688689
 2.75888889 2.76089089 2.76289289 2.76489489 2.7668969  2.7688989
 2.7709009  2.7729029  2.7749049  2.77690691 2.77890891 2.78091091
 2.78291291 2.78491491 2.78691692 2.78891892 2.79092092 2.79292292
 2.79492492 2.79692693 2.79892893 2.80093093 2.80293293 2.80493493
 2.80693694 2.80893894 2.81094094 2.81294294 2.81494494 2.81694695
 2.81894895 2.82095095 2.82295295 2.82495495 2.82695696 2.82895896
 2.83096096 2.83296296 2.83496496 2.83696697 2.83896897 2.84097097
 2.84297297 2.84497497 2.84697698 2.84897898 2.85098098 2.85298298
 2.85498498 2.85698699 2.85898899 2.86099099 2.86299299 2.86499499
 2.866997   2.868999   2.871001   2.873003   2.87500501 2.87700701
 2.87900901 2.88101101 2.88301301 2.88501502 2.88701702 2.88901902
 2.89102102 2.89302302 2.89502503 2.89702703 2.89902903 2.90103103
 2.90303303 2.90503504 2.90703704 2.90903904 2.91104104 2.91304304
 2.91504505 2.91704705 2.91904905 2.92105105 2.92305305 2.92505506
 2.92705706 2.92905906 2.93106106 2.93306306 2.93506507 2.93706707
 2.93906907 2.94107107 2.94307307 2.94507508 2.94707708 2.94907908
 2.95108108 2.95308308 2.95508509 2.95708709 2.95908909 2.96109109
 2.96309309 2.9650951  2.9670971  2.9690991  2.9711011  2.9731031
 2.97510511 2.97710711 2.97910911 2.98111111 2.98311311 2.98511512
 2.98711712 2.98911912 2.99112112 2.99312312 2.99512513 2.99712713
 2.99912913 3.00113113 3.00313313 3.00513514 3.00713714 3.00913914
 3.01114114 3.01314314 3.01514515 3.01714715 3.01914915 3.02115115
 3.02315315 3.02515516 3.02715716 3.02915916 3.03116116 3.03316316
 3.03516517 3.03716717 3.03916917 3.04117117 3.04317317 3.04517518
 3.04717718 3.04917918 3.05118118 3.05318318 3.05518519 3.05718719
 3.05918919 3.06119119 3.06319319 3.0651952  3.0671972  3.0691992
 3.0712012  3.0732032  3.07520521 3.07720721 3.07920921 3.08121121
 3.08321321 3.08521522 3.08721722 3.08921922 3.09122122 3.09322322
 3.09522523 3.09722723 3.09922923 3.10123123 3.10323323 3.10523524
 3.10723724 3.10923924 3.11124124 3.11324324 3.11524525 3.11724725
 3.11924925 3.12125125 3.12325325 3.12525526 3.12725726 3.12925926
 3.13126126 3.13326326 3.13526527 3.13726727 3.13926927 3.14127127
 3.14327327 3.14527528 3.14727728 3.14927928 3.15128128 3.15328328
 3.15528529 3.15728729 3.15928929 3.16129129 3.16329329 3.1652953
 3.1672973  3.1692993  3.1713013  3.1733033  3.17530531 3.17730731
 3.17930931 3.18131131 3.18331331 3.18531532 3.18731732 3.18931932
 3.19132132 3.19332332 3.19532533 3.19732733 3.19932933 3.20133133
 3.20333333 3.20533534 3.20733734 3.20933934 3.21134134 3.21334334
 3.21534535 3.21734735 3.21934935 3.22135135 3.22335335 3.22535536
 3.22735736 3.22935936 3.23136136 3.23336336 3.23536537 3.23736737
 3.23936937 3.24137137 3.24337337 3.24537538 3.24737738 3.24937938
 3.25138138 3.25338338 3.25538539 3.25738739 3.25938939 3.26139139
 3.26339339 3.2653954  3.2673974  3.2693994  3.2714014  3.2734034
 3.27540541 3.27740741 3.27940941 3.28141141 3.28341341 3.28541542
 3.28741742 3.28941942 3.29142142 3.29342342 3.29542543 3.29742743
 3.29942943 3.30143143 3.30343343 3.30543544 3.30743744 3.30943944
 3.31144144 3.31344344 3.31544545 3.31744745 3.31944945 3.32145145
 3.32345345 3.32545546 3.32745746 3.32945946 3.33146146 3.33346346
 3.33546547 3.33746747 3.33946947 3.34147147 3.34347347 3.34547548
 3.34747748 3.34947948 3.35148148 3.35348348 3.35548549 3.35748749
 3.35948949 3.36149149 3.36349349 3.3654955  3.3674975  3.3694995
 3.3715015  3.3735035  3.37550551 3.37750751 3.37950951 3.38151151
 3.38351351 3.38551552 3.38751752 3.38951952 3.39152152 3.39352352
 3.39552553 3.39752753 3.39952953 3.40153153 3.40353353 3.40553554
 3.40753754 3.40953954 3.41154154 3.41354354 3.41554555 3.41754755
 3.41954955 3.42155155 3.42355355 3.42555556 3.42755756 3.42955956
 3.43156156 3.43356356 3.43556557 3.43756757 3.43956957 3.44157157
 3.44357357 3.44557558 3.44757758 3.44957958 3.45158158 3.45358358
 3.45558559 3.45758759 3.45958959 3.46159159 3.46359359 3.4655956
 3.4675976  3.4695996  3.4716016  3.4736036  3.47560561 3.47760761
 3.47960961 3.48161161 3.48361361 3.48561562 3.48761762 3.48961962
 3.49162162 3.49362362 3.49562563 3.49762763 3.49962963 3.50163163
 3.50363363 3.50563564 3.50763764 3.50963964 3.51164164 3.51364364
 3.51564565 3.51764765 3.51964965 3.52165165 3.52365365 3.52565566
 3.52765766 3.52965966 3.53166166 3.53366366 3.53566567 3.53766767
 3.53966967 3.54167167 3.54367367 3.54567568 3.54767768 3.54967968
 3.55168168 3.55368368 3.55568569 3.55768769 3.55968969 3.56169169
 3.56369369 3.5656957  3.5676977  3.5696997  3.5717017  3.5737037
 3.57570571 3.57770771 3.57970971 3.58171171 3.58371371 3.58571572
 3.58771772 3.58971972 3.59172172 3.59372372 3.59572573 3.59772773
 3.59972973 3.60173173 3.60373373 3.60573574 3.60773774 3.60973974
 3.61174174 3.61374374 3.61574575 3.61774775 3.61974975 3.62175175
 3.62375375 3.62575576 3.62775776 3.62975976 3.63176176 3.63376376
 3.63576577 3.63776777 3.63976977 3.64177177 3.64377377 3.64577578
 3.64777778 3.64977978 3.65178178 3.65378378 3.65578579 3.65778779
 3.65978979 3.66179179 3.66379379 3.6657958  3.6677978  3.6697998
 3.6718018  3.6738038  3.67580581 3.67780781 3.67980981 3.68181181
 3.68381381 3.68581582 3.68781782 3.68981982 3.69182182 3.69382382
 3.69582583 3.69782783 3.69982983 3.70183183 3.70383383 3.70583584
 3.70783784 3.70983984 3.71184184 3.71384384 3.71584585 3.71784785
 3.71984985 3.72185185 3.72385385 3.72585586 3.72785786 3.72985986
 3.73186186 3.73386386 3.73586587 3.73786787 3.73986987 3.74187187
 3.74387387 3.74587588 3.74787788 3.74987988 3.75188188 3.75388388
 3.75588589 3.75788789 3.75988989 3.76189189 3.76389389 3.7658959
 3.7678979  3.7698999  3.7719019  3.7739039  3.77590591 3.77790791
 3.77990991 3.78191191 3.78391391 3.78591592 3.78791792 3.78991992
 3.79192192 3.79392392 3.79592593 3.79792793 3.79992993 3.80193193
 3.80393393 3.80593594 3.80793794 3.80993994 3.81194194 3.81394394
 3.81594595 3.81794795 3.81994995 3.82195195 3.82395395 3.82595596
 3.82795796 3.82995996 3.83196196 3.83396396 3.83596597 3.83796797
 3.83996997 3.84197197 3.84397397 3.84597598 3.84797798 3.84997998
 3.85198198 3.85398398 3.85598599 3.85798799 3.85998999 3.86199199
 3.86399399 3.865996   3.867998   3.87      ]"
t,50
n_evolution,200
amp,0.05

Frequencies,Fidelities
1.87,0.9911097160318811
1.872002002002002,0.9914826629104978
1.874004004004004,0.99187593168208
1.8760060060060062,0.9922840872414311
1.8780080080080082,0.9927016816567013
1.8800100100100101,0.9931233666388456
1.882012012012012,0.9935439598909797
1.884014014014014,0.9939586020329275
1.8860160160160162,0.9943627582592824
1.8880180180180182,0.994752313885068
1.8900200200200201,0.9951236072772186
1.892022022022022,0.9954734541846091
1.894024024024024,0.9957991544981979
1.8960260260260262,0.9960984834840365
1.8980280280280282,0.9963696686436349
1.9000300300300301,0.9966113540149324
1.902032032032032,0.9968225547746039
1.904034034034034,0.9970026102049653
1.9060360360360362,0.9971510999737636
1.9080380380380382,0.9972678432409027
1.9100400400400401,0.9973527817867377
1.912042042042042,0.9974059614490999
1.914044044044044,0.9974274843279513
1.9160460460460462,0.997417469124421
1.9180480480480482,0.9973760332994751
1.9200500500500501,0.9973032700402437
1.922052052052052,0.997199272251381
1.924054054054054,0.9970641353542912
1.9260560560560562,0.996897975399362
1.9280580580580582,0.9967009801495382
1.9300600600600601,0.9964734554311984
1.932062062062062,0.9962158718515876
1.934064064064064,0.9959289228728594
1.9360660660660662,0.9956135996247331
1.9380680680680682,0.9952712378287714
1.9400700700700702,0.9949035595668534
1.942072072072072,0.9945127403611317
1.944074074074074,0.994101427823018
1.9460760760760762,0.9936727652048004
1.9480780780780782,0.9932303956220191
1.9500800800800802,0.9927784490748629
1.9520820820820821,0.9923215113949331
1.954084084084084,0.991864569985544
1.9560860860860863,0.991412965174162
1.9580880880880882,0.9909722789106008
1.9600900900900902,0.990548259303198
1.9620920920920921,0.9901466841428128
1.9640940940940943,0.9897732679387262
1.9660960960960963,0.9894335499917982
1.9680980980980982,0.9891326976223371
1.9701001001001002,0.9888754637219264
1.9721021021021021,0.988666022916515
1.9741041041041043,0.9885078965912475
1.9761061061061063,0.9884038092953599
1.9781081081081082,0.9883556868580199
1.9801101101101102,0.9883645513036241
1.9821121121121121,0.9884305082722288
1.9841141141141143,0.9885527308971269
1.9861161161161163,0.9887294879545442
1.9881181181181182,0.9889581745535331
1.9901201201201202,0.9892353819112565
1.9921221221221221,0.9895569731566962
1.9941241241241243,0.9899181830649726
1.9961261261261263,0.9903137297222122
1.9981281281281282,0.9907379424306505
2.00013013013013,0.9911848690847955
2.0021321321321324,0.9916484131569998
2.004134134134134,0.992122493649073
2.0061361361361363,0.9926011113674259
2.008138138138138,0.9930784868623734
2.01014014014014,0.9935491496822807
2.0121421421421424,0.9940080231495174
2.014144144144144,0.9944504796562004
2.0161461461461463,0.9948723861530429
2.018148148148148,0.9952701582732484
2.02015015015015,0.9956406931162742
2.0221521521521524,0.9959814515796429
2.024154154154154,0.9962903677817694
2.0261561561561563,0.9965658303434112
2.028158158158158,0.9968066324626188
2.03016016016016,0.9970119134525018
2.0321621621621624,0.9971810964226082
2.034164164164164,0.997313825713823
2.0361661661661663,0.9974099151538913
2.038168168168168,0.9974692620906473
2.04017017017017,0.9974918461201626
2.0421721721721724,0.9974776705428448
2.044174174174174,0.9974267512955077
2.0461761761761763,0.9973390895884867
2.0481781781781785,0.9972146889959804
2.0501801801801802,0.9970535848355273
2.0521821821821824,0.9968558688612732
2.054184184184184,0.9966217318303198
2.0561861861861863,0.9963515424647524
2.0581881881881885,0.9960458742204676
2.0601901901901902,0.9957056001395597
2.0621921921921924,0.9953319458832517
2.064194194194194,0.9949265511227082
2.0661961961961963,0.9944915571429962
2.0681981981981985,0.994029607206429
2.0702002002002002,0.9935439103442686
2.0722022022022024,0.9930382591526271
2.074204204204204,0.9925170047460706
2.0762062062062063,0.9919850689304391
2.0782082082082085,0.991447885912852
2.0802102102102102,0.9909113490528321
2.0822122122122124,0.9903817044076373
2.084214214214214,0.9898654983028686
2.0862162162162163,0.9893694059681285
2.0882182182182185,0.9889001592092203
2.0902202202202202,0.9884643490359808
2.0922222222222224,0.9880703200990021
2.094224224224224,0.9877200598120153
2.0962262262262263,0.9874208367393338
2.0982282282282285,0.98717808408804
2.1002302302302303,0.9869949047800448
2.1022322322322324,0.9868743626649117
2.104234234234234,0.9868195721566856
2.1062362362362363,0.9868304213817763
2.1082382382382385,0.9869080344148236
2.1102402402402403,0.9870509803492399
2.1122422422422424,0.9872572284437926
2.114244244244244,0.9875239965061169
2.1162462462462464,0.9878468225780209
2.1182482482482485,0.9882212019425471
2.1202502502502503,0.9886416116834994
2.1222522522522524,0.9891020197186646
2.124254254254254,0.9895959318167694
2.1262562562562564,0.9901164229720328
2.1282582582582585,0.9906571297928011
2.1302602602602603,0.9912100575295243
2.1322622622622625,0.9917687601137655
2.134264264264264,0.9923265834857503
2.1362662662662664,0.9928772165639941
2.1382682682682685,0.9934147810342044
2.1402702702702703,0.9939339010937803
2.1422722722722725,0.994429879274366
2.144274274274274,0.994898210986181
2.1462762762762764,0.9953353751057639
2.1482782782782786,0.9957382905405089
2.1502802802802803,0.9961044196506614
2.1522822822822825,0.9964317271797267
2.154284284284284,0.996718622601941
2.1562862862862864,0.9969638954553497
2.1582882882882886,0.9971666502775103
2.1602902902902903,0.9973262356729755
2.1622922922922925,0.9974421802028293
2.164294294294294,0.9975141161670267
2.1662962962962964,0.9975418128548967
2.1682982982982986,0.9975251248771229
2.1703003003003003,0.997463628670313
2.1723023023023025,0.9973572407589156
2.1743043043043047,0.9972058251128729
2.1763063063063064,0.9970092342339718
2.1783083083083086,0.9967674976136168
2.1803103103103103,0.9964807819512485
2.1823123123123125,0.9961494854826477
2.1843143143143147,0.99577431009304
2.1863163163163164,0.9953563396526142
2.1883183183183186,0.9948971205797477
2.1903203203203203,0.9943987313445719
2.1923223223223225,0.9938638470780348
2.1943243243243247,0.9932957942433288
2.1963263263263264,0.9926985812365277
2.1983283283283286,0.9920769143946748
2.2003303303303303,0.9914361955434786
2.2023323323323325,0.9907824874954236
2.2043343343343347,0.9901224612418051
2.2063363363363364,0.9894633218392385
2.2083383383383386,0.9888127015327624
2.2103403403403403,0.988178541752623
2.2123423423423425,0.9875689550392379
2.2143443443443447,0.9869920653231177
2.2163463463463464,0.9864558505779105
2.2183483483483486,0.9859679711707354
2.2203503503503503,0.9855355979401118
2.2223523523523525,0.9851652566599691
2.2243543543543547,0.9848626681974835
2.2263563563563564,0.9846326130691463
2.2283583583583586,0.9844788208229931
2.2303603603603603,0.9844038680514067
2.2323623623623625,0.9844091207479262
2.2343643643643647,0.9844946973994785
2.2363663663663664,0.9846594585879784
2.2383683683683686,0.9849010424288552
2.2403703703703703,0.985215912008872
2.2423723723723725,0.9855994412734864
2.2443743743743747,0.9860459979107319
2.2463763763763764,0.9865491855389117
2.2483783783783786,0.9871018220973612
2.2503803803803804,0.987696421964487
2.2523823823823825,0.9883242719934502
2.2543843843843847,0.9889777192701731
2.2563863863863864,0.9896482206107236
2.2583883883883886,0.9903275497097669
2.2603903903903904,0.9910077297722582
2.2623923923923925,0.9916815746922998
2.2643943943943947,0.9923411089845253
2.2663963963963965,0.992980196225852
2.2683983983983986,0.9935928841726126
2.2704004004004004,0.9941736241293693
2.2724024024024025,0.9947182669645994
2.2744044044044047,0.9952223868174673
2.2764064064064065,0.9956829321268333
2.2784084084084086,0.996096905341219
2.2804104104104104,0.9964619746745746
2.2824124124124126,0.9967762412523375
2.2844144144144147,0.9970381613483457
2.2864164164164165,0.9972464709332373
2.2884184184184186,0.9974001162244436
2.2904204204204204,0.9974979032717581
2.2924224224224226,0.9975396167683652
2.2944244244244247,0.9975243546128827
2.2964264264264265,0.9974512218129341
2.2984284284284286,0.997319938819818
2.3004304304304304,0.9971294125389476
2.3024324324324326,0.9968795336344032
2.3044344344344347,0.9965700760536893
2.3064364364364365,0.9962010742292977
2.3084384384384387,0.9957729102816869
2.3104404404404404,0.9952864080085242
2.3124424424424426,0.9947429278876976
2.3144444444444447,0.9941444618240396
2.3164464464464465,0.9934937219114129
2.3184484484484487,0.992794215124529
2.3204504504504504,0.9920503003376953
2.3224524524524526,0.9912672259505152
2.3244544544544548,0.9904511481293812
2.3264564564564565,0.9896091021124741
2.3284584584584587,0.9887489763145481
2.3304604604604604,0.9878794272458734
2.3324624624624626,0.9870097831991723
2.3344644644644648,0.9861499061772154
2.3364664664664665,0.9853100553388101
2.3384684684684687,0.984500682926182
2.3404704704704704,0.983732263329784
2.3424724724724726,0.9830149215270156
2.3444744744744748,0.982358968876522
2.3464764764764765,0.9817732892630213
2.3484784784784787,0.981266461057489
2.3504804804804804,0.9808459448894145
2.3524824824824826,0.9805180317740647
2.3544844844844848,0.9802877029608797
2.3564864864864865,0.9801585112594982
2.3584884884884887,0.9801324991732285
2.3604904904904904,0.9802101529377497
2.3624924924924926,0.9803902294758641
2.364494494494495,0.9806704584812802
2.3664964964964965,0.9810465838851725
2.3684984984984987,0.9815131482924105
2.3705005005005004,0.9820634593148125
2.3725025025025026,0.9826897086305194
2.374504504504505,0.9833831895695194
2.3765065065065065,0.9841344604566682
2.3785085085085087,0.9849335506087002
2.3805105105105104,0.9857701577196216
2.3825125125125126,0.9866338434249454
2.384514514514515,0.9875142174477627
2.3865165165165165,0.9884011181859493
2.3885185185185187,0.9892847504888485
2.3905205205205204,0.9901558249753337
2.3925225225225226,0.9910056361085566
2.394524524524525,0.9918261650216721
2.3965265265265265,0.9926101044631399
2.3985285285285287,0.9933508796546505
2.4005305305305304,0.9940426365240883
2.4025325325325326,0.9946802092055972
2.404534534534535,0.995259067547703
2.4065365365365365,0.995775250826578
2.4085385385385387,0.9962252891190906
2.4105405405405405,0.9966048692633463
2.4125425425425426,0.9969137822805139
2.414544544544545,0.9971482756408838
2.4165465465465465,0.9973060169195727
2.4185485485485487,0.9973850522165357
2.4205505505505505,0.9973832109472498
2.4225525525525526,0.9972986455469776
2.424554554554555,0.9971296866872278
2.4265565565565566,0.9968747004505693
2.4285585585585587,0.9965325064183658
2.4305605605605605,0.9961020905175766
2.4325625625625626,0.995583066731943
2.434564564564565,0.9949754468083949
2.4365665665665666,0.9942800851728884
2.4385685685685687,0.9934985978342561
2.4405705705705705,0.9926337237055325
2.4425725725725727,0.9916889721104969
2.444574574574575,0.9906693471296877
2.4465765765765766,0.9895808688218786
2.4485785785785787,0.9884309884585051
2.4505805805805805,0.987228422657096
2.4525825825825827,0.9859831524296624
2.454584584584585,0.9847062858504061
2.4565865865865866,0.9834102127357105
2.4585885885885888,0.9821081396098479
2.4605905905905905,0.9808142289786528
2.4625925925925927,0.9795431491199648
2.464594594594595,0.9783097100807389
2.4665965965965966,0.9771289952368346
2.4685985985985988,0.9760158818230635
2.4706006006006005,0.9749846698767232
2.4726026026026027,0.9740489419673382
2.474604604604605,0.9732216600757128
2.4766066066066066,0.9725133445449476
2.4786086086086088,0.971934246426444
2.4806106106106105,0.9714921430084692
2.4826126126126127,0.9711933399103989
2.484614614614615,0.9710415999922453
2.4866166166166166,0.9710390571744344
2.4886186186186188,0.9711860989032469
2.4906206206206205,0.9714799492368282
2.4926226226226227,0.9719164275024494
2.494624624624625,0.9724898384674766
2.4966266266266266,0.9731915363080165
2.498628628628629,0.9740126013568483
2.5006306306306305,0.9749419534302409
2.5026326326326327,0.9759673711449834
2.504634634634635,0.9770760599638254
2.5066366366366366,0.9782541640496751
2.508638638638639,0.9794876737463083
2.5106406406406405,0.980762227128125
2.5126426426426427,0.9820634625114504
2.514644644644645,0.9833773224276109
2.5166466466466466,0.9846901784962583
2.518648648648649,0.9859887090178557
2.5206506506506505,0.9872604283826172
2.5226526526526527,0.9884932773748931
2.524654654654655,0.9896760867627987
2.5266566566566566,0.9907984944647513
2.528658658658659,0.9918505096665224
2.5306606606606605,0.9928231715488577
2.5326626626626627,0.9937077533802486
2.534664664664665,0.9944963253757425
2.5366666666666666,0.995181196986206
2.538668668668669,0.9957550701006053
2.5406706706706705,0.9962110184911763
2.5426726726726727,0.9965422178420428
2.544674674674675,0.9967421104535058
2.5466766766766766,0.9968044344438729
2.548678678678679,0.996723103174715
2.5506806806806805,0.9964923486797652
2.5526826826826827,0.9961069122247271
2.554684684684685,0.9955619794511809
2.5566866866866866,0.9948536569377757
2.558688688688689,0.9939787762953977
2.5606906906906906,0.9929354754131239
2.5626926926926927,0.9917230091991462
2.564694694694695,0.9903426222420095
2.5666966966966966,0.9887967402274676
2.568698698698699,0.9870903586254453
2.5707007007007006,0.9852302683802105
2.5727027027027027,0.9832255665125418
2.574704704704705,0.9810876261846805
2.5767067067067067,0.9788305044257323
2.578708708708709,0.9764699468929369
2.5807107107107106,0.9740247226118185
2.5827127127127127,0.9715150043813265
2.584714714714715,0.9689631693436498
2.5867167167167167,0.9663929638702589
2.588718718718719,0.9638299149621156
2.5907207207207206,0.9613000222170184
2.5927227227227228,0.9588295697286203
2.594724724724725,0.9564459219254446
2.5967267267267267,0.9541748964265175
2.598728728728729,0.9520420818283255
2.6007307307307306,0.9500722833122128
2.6027327327327328,0.9482880699864619
2.604734734734735,0.9467100178982031
2.606736736736737,0.9453568886502602
2.608738738738739,0.9442442104995157
2.6107407407407406,0.94338511499492
2.6127427427427428,0.9427899118797146
2.614744744744745,0.9424646955819272
2.616746746746747,0.9424135371902608
2.618748748748749,0.9426372166418172
2.6207507507507506,0.9431326052993664
2.6227527527527528,0.9438938928549021
2.624754754754755,0.9449129129203883
2.626756756756757,0.9461775969674515
2.628758758758759,0.9476754558847984
2.6307607607607606,0.9493895831187074
2.6327627627627628,0.9513022503499206
2.634764764764765,0.9533938143176237
2.636766766766767,0.9556437892504972
2.638768768768769,0.9580294042549019
2.6407707707707706,0.9605273216689225
2.642772772772773,0.9631137566161395
2.644774774774775,0.9657636452197317
2.646776776776777,0.9684517812733365
2.648778778778779,0.9711522415723607
2.6507807807807806,0.973838894806688
2.652782782782783,0.9764849336492836
2.654784784784785,0.9790632927524805
2.656786786786787,0.9815461707566386
2.658788788788789,0.983905045261005
2.6607907907907906,0.9861111023995534
2.662792792792793,0.988134364205598
2.664794794794795,0.9899441510995901
2.666796796796797,0.9915089082416866
2.668798798798799,0.9927959570500635
2.6708008008008006,0.9937718389950998
2.672802802802803,0.994402515730449
2.674804804804805,0.9946529416279009
2.676806806806807,0.9944876916732797
2.678808808808809,0.9938714017306074
2.680810810810811,0.9927689762059221
2.682812812812813,0.9911460476365481
2.684814814814815,0.9889693354971384
2.686816816816817,0.9862074125898646
2.688818818818819,0.9828313513141527
2.690820820820821,0.9788150964531679
2.692822822822823,0.9741363950731988
2.694824824824825,0.9687776413105693
2.696826826826827,0.9627248578392237
2.698828828828829,0.9559710057155293
2.700830830830831,0.9485131971840562
2.702832832832833,0.9403546180375357
2.704834834834835,0.9315065818903197
2.706836836836837,0.9219833326280318
2.708838838838839,0.9118077828921679
2.710840840840841,0.901007001312871
2.712842842842843,0.8896135199201722
2.714844844844845,0.8776658206742957
2.716846846846847,0.8652055387620052
2.718848848848849,0.8522771447105704
2.720850850850851,0.8389313998179131
2.722852852852853,0.8252148151329799
2.724854854854855,0.8111806962128686
2.726856856856857,0.7968798054456834
2.728858858858859,0.7823628096466149
2.730860860860861,0.7676787248628439
2.732862862862863,0.7528769462278692
2.734864864864865,0.7380067064577303
2.736866866866867,0.7231085142418874
2.738868868868869,0.708227277643342
2.740870870870871,0.693400111546262
2.742872872872873,0.678668953544177
2.744874874874875,0.6640655719918955
2.746876876876877,0.6496274457913274
2.748878878878879,0.6353853074852469
2.750880880880881,0.621375026014392
2.752882882882883,0.6076250293519261
2.754884884884885,0.5941698580690619
2.756886886886887,0.5810419639270495
2.758888888888889,0.5682742679583831
2.760890890890891,0.5559013445092532
2.762892892892893,0.5439616205643751
2.764894894894895,0.5324880208716121
2.766896896896897,0.521520923237139
2.768898898898899,0.5110959695838422
2.770900900900901,0.5012580043640593
2.772902902902903,0.49204097559639803
2.774904904904905,0.48348848676280776
2.7769069069069072,0.4756349263609749
2.778908908908909,0.46851974275111324
2.780910910910911,0.46218301816105745
2.782912912912913,0.45665332834990946
2.784914914914915,0.4519616221374107
2.7869169169169172,0.4481387594857774
2.788918918918919,0.44520323033422315
2.790920920920921,0.4431804228331426
2.792922922922923,0.44208165932058036
2.794924924924925,0.44192055394979896
2.7969269269269272,0.44269918514566414
2.798928928928929,0.44442419455792476
2.800930930930931,0.4470855626909887
2.802932932932933,0.45067241924548596
2.804934934934935,0.45517219306251067
2.8069369369369372,0.46055915270760883
2.808938938938939,0.4668060609497037
2.810940940940941,0.47387846129088146
2.812942942942943,0.48173918805633553
2.814944944944945,0.4903416873915036
2.8169469469469473,0.4996325544855079
2.818948948948949,0.509558501400757
2.820950950950951,0.5200554396455301
2.822952952952953,0.5310570127090577
2.824954954954955,0.542494483977589
2.8269569569569573,0.554290636311581
2.828958958958959,0.566370932860849
2.830960960960961,0.5786479047124025
2.832962962962963,0.5910501433266196
2.834964964964965,0.6034890542331129
2.8369669669669673,0.6158836261844444
2.838968968968969,0.6281483710734834
2.840970970970971,0.6402112125034517
2.842972972972973,0.651988021327405
2.844974974974975,0.6634092871898738
2.8469769769769773,0.6744061233652345
2.848978978978979,0.6849123463649179
2.850980980980981,0.6948667134056126
2.852982982982983,0.7043172202388885
2.854984984984985,0.7130156473954197
2.8569869869869873,0.7209231319301405
2.858988988988989,0.7281989326563052
2.860990990990991,0.7347127304423644
2.862992992992993,0.7404421833523326
2.864994994994995,0.745364623827188
2.8669969969969973,0.749463232579455
2.868998998998999,0.7527271083427289
2.871001001001001,0.7551519659392663
2.873003003003003,0.7567292352217747
2.875005005005005,0.7574579172078567
2.8770070070070073,0.757339728380057
2.879009009009009,0.7563796711672895
2.881011011011011,0.7545822532687886
2.883013013013013,0.7519589651558042
2.885015015015015,0.7485182166547033
2.8870170170170173,0.7442805821678908
2.889019019019019,0.7392587031072458
2.891021021021021,0.7334736788807453
2.893023023023023,0.7269543914597135
2.895025025025025,0.7197230894804431
2.8970270270270273,0.7118179551900103
2.899029029029029,0.7032738201610572
2.901031031031031,0.69413582227649
2.903033033033033,0.6844401599084246
2.905035035035035,0.6742498021929875
2.9070370370370373,0.6636136235896585
2.909039039039039,0.6525849465459315
2.911041041041041,0.6412340272806993
2.913043043043043,0.6296239711080673
2.915045045045045,0.6178181099698921
2.9170470470470473,0.6058940266125801
2.919049049049049,0.5939115693646898
2.9210510510510512,0.5819574714612521
2.923053053053053,0.5700913878729469
2.925055055055055,0.558392311609756
2.9270570570570573,0.5469323689114741
2.929059059059059,0.535776739074121
2.9310610610610612,0.5249955901987614
2.933063063063063,0.5146558246813963
2.935065065065065,0.5048168522191268
2.9370670670670673,0.49554199279796285
2.939069069069069,0.48688747182422915
2.9410710710710712,0.47890248963101784
2.943073073073073,0.4716463174352459
2.945075075075075,0.46514719706313706
2.9470770770770773,0.4594622403117542
2.949079079079079,0.45461633058285467
2.9510810810810812,0.4506459359552458
2.953083083083083,0.4475774848949003
2.955085085085085,0.4454317360817033
2.9570870870870873,0.4442220959059737
2.959089089089089,0.44395944519482267
2.9610910910910913,0.4446470170421657
2.963093093093093,0.4462894030445501
2.965095095095095,0.4488704833191312
2.9670970970970973,0.45238891907140594
2.9690990990990995,0.4568191148757376
2.9711011011011013,0.4621387874160358
2.973103103103103,0.4683238828163647
2.975105105105105,0.47533732302006604
2.9771071071071074,0.48314639716732083
2.9791091091091095,0.49171178745146066
2.9811111111111113,0.5009907382351667
2.983113113113113,0.5109398077929547
2.985115115115115,0.521515704775865
2.9871171171171174,0.5326678271289715
2.9891191191191195,0.5443512648293688
2.9911211211211213,0.5565196233276399
2.993123123123123,0.5691242112724499
2.995125125125125,0.5821226650405013
2.9971271271271274,0.5954679142320205
2.9991291291291295,0.6091188711293276
3.0011311311311313,0.6230319308367093
3.003133133133133,0.637164703660288
3.005135135135135,0.6514761588252205
3.0071371371371374,0.6659295872540292
3.0091391391391396,0.6804812212461147
3.0111411411411413,0.6950938629827345
3.013143143143143,0.7097277374485681
3.015145145145145,0.7243393592866556
3.0171471471471474,0.7388952581931111
3.0191491491491496,0.7533479040479168
3.0211511511511513,0.7676602838920183
3.023153153153153,0.7817893487978668
3.025155155155155,0.7956956215319285
3.0271571571571574,0.8093339686074089
3.0291591591591596,0.8226662697133375
3.0311611611611613,0.8356534643346802
3.033163163163163,0.8482546919935818
3.035165165165165,0.8604365323966788
3.0371671671671674,0.872164978226626
3.0391691691691696,0.883408831654523
3.0411711711711713,0.8941414941200976
3.043173173173173,0.9043397849500066
3.045175175175175,0.9139847942023943
3.0471771771771774,0.9230617042953981
3.0491791791791796,0.9315608066065596
3.0511811811811813,0.9394759562558501
3.053183183183183,0.9468047770326605
3.0551851851851852,0.9535512878066508
3.0571871871871874,0.9597216221196382
3.0591891891891896,0.9653241525544749
3.0611911911911913,0.9703732848560565
3.063193193193193,0.9748841041055802
3.0651951951951952,0.9788734095331626
3.0671971971971974,0.9823608074667606
3.0691991991991996,0.9853660545705806
3.0712012012012013,0.9879107920217076
3.073203203203203,0.990016168906338
3.0752052052052052,0.9917035320395734
3.0772072072072074,0.9929944828571566
3.0792092092092096,0.9939104929621535
3.0812112112112113,0.9944721449237355
3.083213213213213,0.9947001481902847
3.0852152152152152,0.9946145754710709
3.0872172172172174,0.9942355228310793
3.0892192192192196,0.9935827718843335
3.0912212212212213,0.9926765078627681
3.093223223223223,0.9915367674396149
3.0952252252252253,0.9901842188780862
3.0972272272272274,0.988639676377533
3.0992292292292296,0.986925134461071
3.1012312312312313,0.9850628173990469
3.103233233233233,0.9830755676704537
3.1052352352352353,0.980987557013143
3.1072372372372374,0.9788232259161499
3.1092392392392396,0.9766075531199357
3.1112412412412414,0.9743660274475296
3.113243243243243,0.9721242583637438
3.1152452452452453,0.9699079916458279
3.1172472472472474,0.967742236515743
3.1192492492492496,0.965651565206327
3.1212512512512514,0.9636603171537277
3.123253253253253,0.9617905965831035
3.1252552552552553,0.9600646301866537
3.1272572572572575,0.9584980002135062
3.1292592592592596,0.9571112643726086
3.1312612612612614,0.9559180709673158
3.133263263263263,0.9549297448298937
3.1352652652652653,0.954156656742455
3.1372672672672675,0.9536043318659921
3.1392692692692696,0.9532770601923558
3.1412712712712714,0.9531750848895133
3.143273273273273,0.9532959639043077
3.1452752752752753,0.9536349522676922
3.1472772772772775,0.9541843058755998
3.1492792792792796,0.9549333917214268
3.1512812812812814,0.9558709238706727
3.153283283283283,0.9569815885120044
3.1552852852852853,0.958250227339629
3.1572872872872875,0.9596592515252957
3.1592892892892896,0.961191639083782
3.1612912912912914,0.9628280070983891
3.163293293293293,0.9645495791684234
3.1652952952952953,0.9663380498118274
3.1672972972972975,0.9681748448534095
3.1692992992992997,0.9700424714832989
3.1713013013013014,0.9719242756351628
3.173303303303303,0.9738043516101507
3.1753053053053053,0.975668832123953
3.1773073073073075,0.9775037893764476
3.1793093093093097,0.9792983147873022
3.1813113113113114,0.9810418171326671
3.183313313313313,0.9827249234417504
3.1853153153153153,0.9843402419981961
3.1873173173173175,0.985880877516395
3.1893193193193197,0.9873413985310792
3.1913213213213214,0.9887170511751271
3.193323323323323,0.9900035431229433
3.1953253253253253,0.991197480110901
3.1973273273273275,0.9922956211567763
3.1993293293293297,0.9932952742468194
3.2013313313313314,0.9941938197162893
3.203333333333333,0.9949887449353381
3.2053353353353353,0.9956778604859107
3.2073373373373375,0.9962588575863497
3.2093393393393397,0.9967296931541494
3.2113413413413414,0.997088564519057
3.213343343343343,0.997333788586667
3.2153453453453453,0.997464394501405
3.2173473473473475,0.997479743557004
3.2193493493493497,0.9973799881259053
3.2213513513513514,0.9971661072892741
3.223353353353353,0.9968397615566643
3.2253553553553553,0.9964044292636208
3.2273573573573575,0.9958640497999337
3.2293593593593597,0.9952240850608284
3.2313613613613614,0.9944913934758558
3.233363363363363,0.9936738312842305
3.2353653653653653,0.9927808308702886
3.2373673673673675,0.9918229280154847
3.2393693693693697,0.9908115974559092
3.2413713713713714,0.9897593536445569
3.243373373373373,0.9886796670316975
3.2453753753753753,0.9875861737671493
3.2473773773773775,0.9864928633899518
3.2493793793793797,0.9854141526354127
3.2513813813813814,0.9843641577271628
3.253383383383383,0.983356403846952
3.2553853853853854,0.9824035736396299
3.2573873873873875,0.9815176141649085
3.2593893893893897,0.9807093014127004
3.2613913913913914,0.9799889221959509
3.263393393393393,0.9793639245591478
3.2653953953953954,0.9788412158046487
3.2673973973973975,0.9784252497014916
3.2693993993993997,0.9781192701366342
3.2714014014014015,0.9779250574691416
3.273403403403403,0.9778420013721592
3.2754054054054054,0.9778683299455365
3.2774074074074075,0.9780010473576596
3.2794094094094097,0.9782352238511706
3.2814114114114115,0.9785652648256589
3.283413413413413,0.9789844964296148
3.2854154154154154,0.9794849363417136
3.2874174174174176,0.9800588355125229
3.2894194194194197,0.9806973697994921
3.2914214214214215,0.9813921181555612
3.293423423423423,0.9821339267932699
3.2954254254254254,0.9829144106540876
3.2974274274274276,0.9837251757105215
3.2994294294294297,0.9845583703428479
3.3014314314314315,0.9854063536420898
3.303433433433433,0.9862623581320085
3.3054354354354354,0.9871200293911344
3.3074374374374376,0.9879735018717928
3.3094394394394397,0.9888177323950185
3.3114414414414415,0.989647850792338
3.313443443443443,0.9904597376831377
3.3154454454454454,0.9912494114650565
3.3174474474474476,0.992013276186098
3.3194494494494498,0.9927478936560844
3.3214514514514515,0.993449929341665
3.323453453453453,0.9941163023332937
3.3254554554554554,0.9947434751509533
3.3274574574574576,0.9953281876524512
3.3294594594594598,0.9958670828113695
3.3314614614614615,0.996356539472677
3.3334634634634632,0.9967930479933266
3.3354654654654654,0.9971728817854785
3.3374674674674676,0.9974925996845742
3.3394694694694698,0.9977488119738691
3.3414714714714715,0.9979383802698667
3.3434734734734737,0.998058455504183
3.3454754754754754,0.998106752673714
3.3474774774774776,0.9980815699305757
3.3494794794794798,0.997981909967684
3.3514814814814815,0.9978075523416675
3.3534834834834837,0.9975593337364985
3.3554854854854854,0.9972390425875602
3.3574874874874876,0.9968492667766944
3.3594894894894898,0.9963941058131531
3.3614914914914915,0.9958782678840454
3.3634934934934937,0.9953076924915621
3.3654954954954954,0.9946893620467571
3.3674974974974976,0.9940308959330437
3.3694994994995,0.9933408132009129
3.3715015015015015,0.9926280744093507
3.3735035035035037,0.9919023752484423
3.3755055055055054,0.9911731430102027
3.3775075075075076,0.9904504627565528
3.37950950950951,0.9897438676446498
3.3815115115115115,0.989062631723501
3.3835135135135137,0.9884158206000988
3.3855155155155154,0.9878114559485239
3.3875175175175176,0.9872571680703615
3.38951951951952,0.9867591576912145
3.3915215215215215,0.9863231943476167
3.3935235235235237,0.9859533600794202
3.3955255255255254,0.9856530192935423
3.3975275275275276,0.9854241319850712
3.39952952952953,0.9852676727498486
3.4015315315315315,0.985183273600074
3.4035335335335337,0.985169865816829
3.4055355355355355,0.9852252287522562
3.4075375375375376,0.9853462258811538
3.40953953953954,0.9855291361403448
3.4115415415415415,0.985769501674212
3.4135435435435437,0.9860628777304362
3.4155455455455455,0.986403764281891
3.4175475475475476,0.9867869983467017
3.41954954954955,0.9872074554551881
3.4215515515515516,0.9876595071467048
3.4235535535535537,0.9881381561515387
3.4255555555555555,0.9886385697951682
3.4275575575575576,0.9891558879235703
3.42955955955956,0.9896859967901502
3.4315615615615616,0.9902247490980659
3.4335635635635637,0.9907685708133133
3.4355655655655655,0.9913138858570373
3.4375675675675677,0.9918577541317434
3.43956956956957,0.9923972424695366
3.4415715715715716,0.992929569597811
3.4435735735735737,0.993452037387166
3.4455755755755755,0.9939621858789631
3.4475775775775777,0.9944572480171312
3.44957957957958,0.9949345550303883
3.4515815815815816,0.9953913196058183
3.4535835835835837,0.9958244974423851
3.4555855855855855,0.9962310771208348
3.4575875875875877,0.9966078273312946
3.45958958958959,0.996951312826661
3.4615915915915916,0.9972583731161588
3.4635935935935938,0.9975252990551557
3.4655955955955955,0.9977489494280489
3.4675975975975977,0.9979261640963697
3.4695995995996,0.9980540287750119
3.4716016016016016,0.9981299531651362
3.4736036036036038,0.9981519104821022
3.4756056056056055,0.998118302625961
3.4776076076076077,0.9980284133970593
3.47960960960961,0.997881942713344
3.481611611611612,0.9976796907985074
3.4836136136136138,0.9974230728010053
3.4856156156156155,0.9971144314600743
3.4876176176176177,0.9967570292497296
3.48961961961962,0.9963549190028069
3.491621621621622,0.9959128926321259
3.4936236236236238,0.995436474926795
3.4956256256256255,0.9949319188013975
3.4976276276276277,0.9944058783735755
3.49962962962963,0.9938654642254746
3.501631631631632,0.9933179637558047
3.503633633633634,0.992770870149164
3.5056356356356355,0.9922315876042735
3.5076376376376377,0.9917072435627795
3.50963963963964,0.9912048326515045
3.511641641641642,0.9907307302154859
3.513643643643644,0.9902908698254272
3.5156456456456455,0.989890327694176
3.5176476476476477,0.9895336242518488
3.51964964964965,0.9892242221266119
3.521651651651652,0.9889649932576193
3.523653653653654,0.9887577964971848
3.5256556556556555,0.9886036632201852
3.5276576576576577,0.9885026456515296
3.52965965965966,0.9884542439152433
3.531661661661662,0.9884570860150731
3.533663663663664,0.9885092354431139
3.5356656656656655,0.9886082863426625
3.5376676676676677,0.98875102018076
3.53966966966967,0.9889344222195059
3.541671671671672,0.9891548484141474
3.543673673673674,0.9894085735360117
3.5456756756756755,0.9896918933083352
3.5476776776776777,0.9900011768416473
3.54967967967968,0.9903327092169726
3.551681681681682,0.9906831158135119
3.553683683683684,0.9910491543421084
3.5556856856856855,0.9914276810281522
3.5576876876876877,0.9918159059559364
3.55968968968969,0.9922112866869901
3.561691691691692,0.9926112031602279
3.563693693693694,0.9930135246841345
3.5656956956956956,0.9934160909371877
3.5676976976976977,0.9938167703594655
3.5696996996997,0.9942135148521518
3.571701701701702,0.9946042406003727
3.573703703703704,0.9949867698831467
3.5757057057057056,0.9953588331826152
3.5777077077077077,0.9957180456464358
3.57970970970971,0.9960618308513198
3.581711711711712,0.9963875094086109
3.583713713713714,0.9966922497615316
3.5857157157157156,0.9969731203707864
3.5877177177177177,0.9972270309968733
3.58971971971972,0.9974510256901292
3.591721721721722,0.9976420550123344
3.593723723723724,0.9977973191079562
3.5957257257257256,0.9979141212786419
3.5977277277277278,0.9979901157645232
3.59972972972973,0.9980233409330981
3.601731731731732,0.9980123052446632
3.603733733733734,0.9979559762822702
3.6057357357357356,0.9978540578796311
3.6077377377377378,0.9977068173689958
3.60973973973974,0.9975151828890918
3.611741741741742,0.997280888944947
3.613743743743744,0.9970063324557243
3.6157457457457456,0.996694620169268
3.6177477477477478,0.9963495177488076
3.61974974974975,0.9959753615109251
3.621751751751752,0.9955770386409781
3.623753753753754,0.995159913680188
3.6257557557557556,0.9947296179289559
3.6277577577577578,0.9942919929255273
3.62975975975976,0.9938530721227643
3.631761761761762,0.9934187796181052
3.633763763763764,0.992994941573327
3.6357657657657656,0.9925871492459759
3.637767767767768,0.9922006445944601
3.63976976976977,0.9918401080879076
3.641771771771772,0.9915098143288198
3.643773773773774,0.9912134760790651
3.6457757757757756,0.9909539670451759
3.647777777777778,0.9907335897392482
3.64977977977978,0.9905539448855105
3.651781781781782,0.990416034436669
3.653783783783784,0.9903199734470005
3.6557857857857856,0.9902655495161474
3.657787787787788,0.9902516964051681
3.65978978978979,0.9902770441781686
3.661791791791792,0.9903397536692049
3.663793793793794,0.9904375687601984
3.6657957957957956,0.9905679959844156
3.667797797797798,0.9907284505362098
3.6697997997998,0.9909160241355729
3.671801801801802,0.9911279198248328
3.673803803803804,0.991361425424906
3.6758058058058056,0.9916137417163868
3.677807807807808,0.9918822305996235
3.67980980980981,0.9921645105590556
3.681811811811812,0.9924581419535675
3.683813813813814,0.9927611469529104
3.6858158158158156,0.9930713294284446
3.687817817817818,0.993386889433314
3.68981981981982,0.9937061451650733
3.691821821821822,0.9940273435103452
3.693823823823824,0.9943486985573255
3.6958258258258256,0.9946686352088622
3.697827827827828,0.9949852331859379
3.69982982982983,0.9952969033385137
3.701831831831832,0.9956015981394417
3.703833833833834,0.9958971143161512
3.7058358358358356,0.9961814033601891
3.707837837837838,0.9964519762793478
3.70983983983984,0.9967063639060108
3.711841841841842,0.9969420031982275
3.713843843843844,0.9971561945892391
3.7158458458458457,0.9973462820547875
3.717847847847848,0.9975095766636018
3.71984984984985,0.9976435662318687
3.721851851851852,0.9977459198116345
3.723853853853854,0.9978145552109748
3.7258558558558557,0.9978476445463678
3.727857857857858,0.9978438930119413
3.72985985985986,0.9978023463764965
3.731861861861862,0.9977225515296342
3.733863863863864,0.9976047625205442
3.7358658658658657,0.9974497096539328
3.737867867867868,0.9972587324305862
3.73986986986987,0.9970337789032531
3.741871871871872,0.996777444103147
3.743873873873874,0.996492873960099
3.7458758758758757,0.9961835931485402
3.747877877877878,0.9958536975246901
3.74987987987988,0.9955076410655914
3.751881881881882,0.9951501114650836
3.753883883883884,0.9947860063348448
3.7558858858858857,0.9944202394610127
3.757887887887888,0.9940579331040357
3.75988988988989,0.993703808055881
3.761891891891892,0.9933625976934659
3.763893893893894,0.9930385634440604
3.7658958958958957,0.9927357237968548
3.767897897897898,0.9924576340942423
3.7698998998999,0.9922072564557982
3.771901901901902,0.9919870829675216
3.773903903903904,0.991799156000059
3.7759059059059057,0.9916446464314932
3.777907907907908,0.9915243675303413
3.77990990990991,0.9914386192257612
3.7819119119119122,0.9913871335360045
3.783913913913914,0.9913691938789068
3.7859159159159157,0.9913835615162053
3.787917917917918,0.9914288667691438
3.78991991991992,0.9915031935378222
3.7919219219219222,0.9916046770750112
3.793923923923924,0.9917310797954755
3.7959259259259257,0.9918802984048756
3.797927927927928,0.9920499606871859
3.79992992992993,0.9922383322440868
3.8019319319319322,0.9924423218741396
3.803933933933934,0.9926603129297893
3.8059359359359357,0.99289034046445
3.807937937937938,0.9931305628532806
3.80993993993994,0.9933792596158857
3.8119419419419422,0.9936348220141001
3.813943943943944,0.9938957328883264
3.8159459459459457,0.994160542036309
3.817947947947948,0.9944278273189544
3.81994994994995,0.9946961920689519
3.8219519519519523,0.9949641857563434
3.823953953953954,0.9952300903315427
3.8259559559559557,0.9954926119499737
3.827957957957958,0.9957501072587148
3.82995995995996,0.9960006305628161
3.8319619619619623,0.9962419634776563
3.833963963963964,0.9964723006748776
3.8359659659659657,0.9966893114111034
3.837967967967968,0.9968906937094874
3.83996996996997,0.9970740704094145
3.8419719719719723,0.9972370662987418
3.843973973973974,0.9973773423364121
3.8459759759759757,0.9974927111292891
3.847977977977978,0.9975810455305777
3.84997997997998,0.9976405155519773
3.8519819819819823,0.9976695414315239
3.853983983983984,0.9976669836487413
3.855985985985986,0.9976319915965832
3.857987987987988,0.9975642316162993
3.85998998998999,0.997463799728461
3.8619919919919923,0.9973314218878645
3.863993993993994,0.997168222297233
3.865995995995996,0.9969759039021845
3.867997997997998,0.9967566468027781
3.87,0.9965131627392575
