D,2.87
g_e,-28.03
B,0.0001
polar,1
azimuthal,10
nv_orientation,"(1, 1, 1)"
frequencies,"[1.87       1.872002   1.874004   1.87600601 1.87800801 1.88001001
 1.88201201 1.88401401 1.88601602 1.88801802 1.89002002 1.89202202
 1.89402402 1.89602603 1.89802803 1.90003003 1.90203203 1.90403403
 1.90603604 1.90803804 1.91004004 1.91204204 1.91404404 1.91604605
 1.91804805 1.92005005 1.92205205 1.92405405 1.92605606 1.92805806
 1.93006006 1.93206206 1.93406406 1.93606607 1.93806807 1.94007007
 1.94207207 1.94407407 1.94607608 1.94807808 1.95008008 1.95208208
 1.95408408 1.95608609 1.95808809 1.96009009 1.96209209 1.96409409
 1.9660961  1.9680981  1.9701001  1.9721021  1.9741041  1.97610611
 1.97810811 1.98011011 1.98211211 1.98411411 1.98611612 1.98811812
 1.99012012 1.99212212 1.99412412 1.99612613 1.99812813 2.00013013
 2.00213213 2.00413413 2.00613614 2.00813814 2.01014014 2.01214214
 2.01414414 2.01614615 2.01814815 2.02015015 2.02215215 2.02415415
 2.02615616 2.02815816 2.03016016 2.03216216 2.03416416 2.03616617
 2.03816817 2.04017017 2.04217217 2.04417417 2.04617618 2.04817818
 2.05018018 2.05218218 2.05418418 2.05618619 2.05818819 2.06019019
 2.06219219 2.06419419 2.0661962  2.0681982  2.0702002  2.0722022
 2.0742042  2.07620621 2.07820821 2.08021021 2.08221221 2.08421421
 2.08621622 2.08821822 2.09022022 2.09222222 2.09422422 2.09622623
 2.09822823 2.10023023 2.10223223 2.10423423 2.10623624 2.10823824
 2.11024024 2.11224224 2.11424424 2.11624625 2.11824825 2.12025025
 2.12225225 2.12425425 2.12625626 2.12825826 2.13026026 2.13226226
 2.13426426 2.13626627 2.13826827 2.14027027 2.14227227 2.14427427
 2.14627628 2.14827828 2.15028028 2.15228228 2.15428428 2.15628629
 2.15828829 2.16029029 2.16229229 2.16429429 2.1662963  2.1682983
 2.1703003  2.1723023  2.1743043  2.17630631 2.17830831 2.18031031
 2.18231231 2.18431431 2.18631632 2.18831832 2.19032032 2.19232232
 2.19432432 2.19632633 2.19832833 2.20033033 2.20233233 2.20433433
 2.20633634 2.20833834 2.21034034 2.21234234 2.21434434 2.21634635
 2.21834835 2.22035035 2.22235235 2.22435435 2.22635636 2.22835836
 2.23036036 2.23236236 2.23436436 2.23636637 2.23836837 2.24037037
 2.24237237 2.24437437 2.24637638 2.24837838 2.25038038 2.25238238
 2.25438438 2.25638639 2.25838839 2.26039039 2.26239239 2.26439439
 2.2663964  2.2683984  2.2704004  2.2724024  2.2744044  2.27640641
 2.27840841 2.28041041 2.28241241 2.28441441 2.28641642 2.28841842
 2.29042042 2.29242242 2.29442442 2.29642643 2.29842843 2.30043043
 2.30243243 2.30443443 2.30643644 2.30843844 2.31044044 2.31244244
 2.31444444 2.31644645 2.31844845 2.32045045 2.32245245 2.32445445
 2.32645646 2.32845846 2.33046046 2.33246246 2.33446446 2.33646647
 2.33846847 2.34047047 2.34247247 2.34447447 2.34647648 2.34847848
 2.35048048 2.35248248 2.35448448 2.35648649 2.35848849 2.36049049
 2.36249249 2.36449449 2.3664965  2.3684985  2.3705005  2.3725025
 2.3745045  2.37650651 2.37850851 2.38051051 2.38251251 2.38451451
 2.38651652 2.38851852 2.39052052 2.39252252 2.39452452 2.39652653
 2.39852853 2.40053053 2.40253253 2.40453453 2.40653654 2.40853854
 2.41054054 2.41254254 2.41454454 2.41654655 2.41854855 2.42055055
 2.42255255 2.42455455 2.42655656 2.42855856 2.43056056 2.43256256
 2.43456456 2.43656657 2.43856857 2.44057057 2.44257257 2.44457457
 2.44657658 2.44857858 2.45058058 2.45258258 2.45458458 2.45658659
 2.45858859 2.46059059 2.46259259 2.46459459 2.4665966  2.4685986
 2.4706006  2.4726026  2.4746046  2.47660661 2.47860861 2.48061061
 2.48261261 2.48461461 2.48661662 2.48861862 2.49062062 2.49262262
 2.49462462 2.49662663 2.49862863 2.50063063 2.50263263 2.50463463
 2.50663664 2.50863864 2.51064064 2.51264264 2.51464464 2.51664665
 2.51864865 2.52065065 2.52265265 2.52465465 2.52665666 2.52865866
 2.53066066 2.53266266 2.53466466 2.53666667 2.53866867 2.54067067
 2.54267267 2.54467467 2.54667668 2.54867868 2.55068068 2.55268268
 2.55468468 2.55668669 2.55868869 2.56069069 2.56269269 2.56469469
 2.5666967  2.5686987  2.5707007  2.5727027  2.5747047  2.57670671
 2.57870871 2.58071071 2.58271271 2.58471471 2.58671672 2.58871872
 2.59072072 2.59272272 2.59472472 2.59672673 2.59872873 2.60073073
 2.60273273 2.60473473 2.60673674 2.60873874 2.61074074 2.61274274
 2.61474474 2.61674675 2.61874875 2.62075075 2.62275275 2.62475475
 2.62675676 2.62875876 2.63076076 2.63276276 2.63476476 2.63676677
 2.63876877 2.64077077 2.64277277 2.64477477 2.64677678 2.64877878
 2.65078078 2.65278278 2.65478478 2.65678679 2.65878879 2.66079079
 2.66279279 2.66479479 2.6667968  2.6687988  2.6708008  2.6728028
 2.6748048  2.67680681 2.67880881 2.68081081 2.68281281 2.68481481
 2.68681682 2.68881882 2.69082082 2.69282282 2.69482482 2.69682683
 2.69882883 2.70083083 2.70283283 2.70483483 2.70683684 2.70883884
 2.71084084 2.71284284 2.71484484 2.71684685 2.71884885 2.72085085
 2.72285285 2.72485485 2.72685686 2.72885886 2.73086086 2.73286286
 2.73486486 2.73686687 2.73886887 2.74087087 2.74287287 2.74487487
 2.74687688 2.74887888 2.75088088 2.75288288 2.75488488 2.75688689
 2.75888889 2.76089089 2.76289289 2.76489489 2.7668969  2.7688989
 2.7709009  2.7729029  2.7749049  2.77690691 2.77890891 2.78091091
 2.78291291 2.78491491 2.78691692 2.78891892 2.79092092 2.79292292
 2.79492492 2.79692693 2.79892893 2.80093093 2.80293293 2.80493493
 2.80693694 2.80893894 2.81094094 2.81294294 2.81494494 2.81694695
 2.81894895 2.82095095 2.82295295 2.82495495 2.82695696 2.82895896
 2.83096096 2.83296296 2.83496496 2.83696697 2.83896897 2.84097097
 2.84297297 2.84497497 2.84697698 2.84897898 2.85098098 2.85298298
 2.85498498 2.85698699 2.85898899 2.86099099 2.86299299 2.86499499
 2.866997   2.868999   2.871001   2.873003   2.87500501 2.87700701
 2.87900901 2.88101101 2.88301301 2.88501502 2.88701702 2.88901902
 2.89102102 2.89302302 2.89502503 2.89702703 2.89902903 2.90103103
 2.90303303 2.90503504 2.90703704 2.90903904 2.91104104 2.91304304
 2.91504505 2.91704705 2.91904905 2.92105105 2.92305305 2.92505506
 2.92705706 2.92905906 2.93106106 2.93306306 2.93506507 2.93706707
 2.93906907 2.94107107 2.94307307 2.94507508 2.94707708 2.94907908
 2.95108108 2.95308308 2.95508509 2.95708709 2.95908909 2.96109109
 2.96309309 2.9650951  2.9670971  2.9690991  2.9711011  2.9731031
 2.97510511 2.97710711 2.97910911 2.98111111 2.98311311 2.98511512
 2.98711712 2.98911912 2.99112112 2.99312312 2.99512513 2.99712713
 2.99912913 3.00113113 3.00313313 3.00513514 3.00713714 3.00913914
 3.01114114 3.01314314 3.01514515 3.01714715 3.01914915 3.02115115
 3.02315315 3.02515516 3.02715716 3.02915916 3.03116116 3.03316316
 3.03516517 3.03716717 3.03916917 3.04117117 3.04317317 3.04517518
 3.04717718 3.04917918 3.05118118 3.05318318 3.05518519 3.05718719
 3.05918919 3.06119119 3.06319319 3.0651952  3.0671972  3.0691992
 3.0712012  3.0732032  3.07520521 3.07720721 3.07920921 3.08121121
 3.08321321 3.08521522 3.08721722 3.08921922 3.09122122 3.09322322
 3.09522523 3.09722723 3.09922923 3.10123123 3.10323323 3.10523524
 3.10723724 3.10923924 3.11124124 3.11324324 3.11524525 3.11724725
 3.11924925 3.12125125 3.12325325 3.12525526 3.12725726 3.12925926
 3.13126126 3.13326326 3.13526527 3.13726727 3.13926927 3.14127127
 3.14327327 3.14527528 3.14727728 3.14927928 3.15128128 3.15328328
 3.15528529 3.15728729 3.15928929 3.16129129 3.16329329 3.1652953
 3.1672973  3.1692993  3.1713013  3.1733033  3.17530531 3.17730731
 3.17930931 3.18131131 3.18331331 3.18531532 3.18731732 3.18931932
 3.19132132 3.19332332 3.19532533 3.19732733 3.19932933 3.20133133
 3.20333333 3.20533534 3.20733734 3.20933934 3.21134134 3.21334334
 3.21534535 3.21734735 3.21934935 3.22135135 3.22335335 3.22535536
 3.22735736 3.22935936 3.23136136 3.23336336 3.23536537 3.23736737
 3.23936937 3.24137137 3.24337337 3.24537538 3.24737738 3.24937938
 3.25138138 3.25338338 3.25538539 3.25738739 3.25938939 3.26139139
 3.26339339 3.2653954  3.2673974  3.2693994  3.2714014  3.2734034
 3.27540541 3.27740741 3.27940941 3.28141141 3.28341341 3.28541542
 3.28741742 3.28941942 3.29142142 3.29342342 3.29542543 3.29742743
 3.29942943 3.30143143 3.30343343 3.30543544 3.30743744 3.30943944
 3.31144144 3.31344344 3.31544545 3.31744745 3.31944945 3.32145145
 3.32345345 3.32545546 3.32745746 3.32945946 3.33146146 3.33346346
 3.33546547 3.33746747 3.33946947 3.34147147 3.34347347 3.34547548
 3.34747748 3.34947948 3.35148148 3.35348348 3.35548549 3.35748749
 3.35948949 3.36149149 3.36349349 3.3654955  3.3674975  3.3694995
 3.3715015  3.3735035  3.37550551 3.37750751 3.37950951 3.38151151
 3.38351351 3.38551552 3.38751752 3.38951952 3.39152152 3.39352352
 3.39552553 3.39752753 3.39952953 3.40153153 3.40353353 3.40553554
 3.40753754 3.40953954 3.41154154 3.41354354 3.41554555 3.41754755
 3.41954955 3.42155155 3.42355355 3.42555556 3.42755756 3.42955956
 3.43156156 3.43356356 3.43556557 3.43756757 3.43956957 3.44157157
 3.44357357 3.44557558 3.44757758 3.44957958 3.45158158 3.45358358
 3.45558559 3.45758759 3.45958959 3.46159159 3.46359359 3.4655956
 3.4675976  3.4695996  3.4716016  3.4736036  3.47560561 3.47760761
 3.47960961 3.48161161 3.48361361 3.48561562 3.48761762 3.48961962
 3.49162162 3.49362362 3.49562563 3.49762763 3.49962963 3.50163163
 3.50363363 3.50563564 3.50763764 3.50963964 3.51164164 3.51364364
 3.51564565 3.51764765 3.51964965 3.52165165 3.52365365 3.52565566
 3.52765766 3.52965966 3.53166166 3.53366366 3.53566567 3.53766767
 3.53966967 3.54167167 3.54367367 3.54567568 3.54767768 3.54967968
 3.55168168 3.55368368 3.55568569 3.55768769 3.55968969 3.56169169
 3.56369369 3.5656957  3.5676977  3.5696997  3.5717017  3.5737037
 3.57570571 3.57770771 3.57970971 3.58171171 3.58371371 3.58571572
 3.58771772 3.58971972 3.59172172 3.59372372 3.59572573 3.59772773
 3.59972973 3.60173173 3.60373373 3.60573574 3.60773774 3.60973974
 3.61174174 3.61374374 3.61574575 3.61774775 3.61974975 3.62175175
 3.62375375 3.62575576 3.62775776 3.62975976 3.63176176 3.63376376
 3.63576577 3.63776777 3.63976977 3.64177177 3.64377377 3.64577578
 3.64777778 3.64977978 3.65178178 3.65378378 3.65578579 3.65778779
 3.65978979 3.66179179 3.66379379 3.6657958  3.6677978  3.6697998
 3.6718018  3.6738038  3.67580581 3.67780781 3.67980981 3.68181181
 3.68381381 3.68581582 3.68781782 3.68981982 3.69182182 3.69382382
 3.69582583 3.69782783 3.69982983 3.70183183 3.70383383 3.70583584
 3.70783784 3.70983984 3.71184184 3.71384384 3.71584585 3.71784785
 3.71984985 3.72185185 3.72385385 3.72585586 3.72785786 3.72985986
 3.73186186 3.73386386 3.73586587 3.73786787 3.73986987 3.74187187
 3.74387387 3.74587588 3.74787788 3.74987988 3.75188188 3.75388388
 3.75588589 3.75788789 3.75988989 3.76189189 3.76389389 3.7658959
 3.7678979  3.7698999  3.7719019  3.7739039  3.77590591 3.77790791
 3.77990991 3.78191191 3.78391391 3.78591592 3.78791792 3.78991992
 3.79192192 3.79392392 3.79592593 3.79792793 3.79992993 3.80193193
 3.80393393 3.80593594 3.80793794 3.80993994 3.81194194 3.81394394
 3.81594595 3.81794795 3.81994995 3.82195195 3.82395395 3.82595596
 3.82795796 3.82995996 3.83196196 3.83396396 3.83596597 3.83796797
 3.83996997 3.84197197 3.84397397 3.84597598 3.84797798 3.84997998
 3.85198198 3.85398398 3.85598599 3.85798799 3.85998999 3.86199199
 3.86399399 3.865996   3.867998   3.87      ]"
t,50
n_evolution,200
amp,0.01

Frequencies,Fidelities
1.87,0.9999963660004455
1.872002002002002,0.9999964218068553
1.874004004004004,0.9999960447583691
1.8760060060060062,0.9999951741857198
1.8780080080080082,0.9999937667692683
1.8800100100100101,0.9999917742746315
1.882012012012012,0.9999891790620322
1.884014014014014,0.9999859767807491
1.8860160160160162,0.9999821814563032
1.8880180180180182,0.9999778259880787
1.8900200200200201,0.9999729619452487
1.892022022022022,0.9999676586583415
1.894024024024024,0.9999620016351298
1.8960260260260262,0.9999560956734752
1.8980280280280282,0.9999500469227509
1.9000300300300301,0.9999439738682856
1.902032032032032,0.9999379995213076
1.904034034034034,0.9999322475825555
1.9060360360360362,0.9999268386166634
1.9080380380380382,0.9999218862964903
1.9100400400400401,0.9999174938566371
1.912042042042042,0.9999137508879223
1.914044044044044,0.9999107305919562
1.9160460460460462,0.9999084875975666
1.9180480480480482,0.999907056419487
1.9200500500500501,0.9999064506151202
1.922052052052052,0.9999066626683963
1.924054054054054,0.9999076646017887
1.9260560560560562,0.9999094092895214
1.9280580580580582,0.9999118324180397
1.9300600600600601,0.9999148550137024
1.932062062062062,0.999918386419301
1.934064064064064,0.9999223276823757
1.9360660660660662,0.9999265751134699
1.9380680680680682,0.9999310239190804
1.9400700700700702,0.9999355717810323
1.942072072072072,0.9999401222346261
1.944074074074074,0.9999445412467224
1.9460760760760762,0.9999488525624753
1.9480780780780782,0.999952930509649
1.9500800800800802,0.9999567493094894
1.9520820820820821,0.9999602657763694
1.954084084084084,0.999963456887995
1.9560860860860863,0.9999663399389793
1.9580880880880882,0.999968916829031
1.9600900900900902,0.9999712130213397
1.9620920920920921,0.9999732635367089
1.9640940940940943,0.9999751106093203
1.9660960960960963,0.9999768003030582
1.9680980980980982,0.9999783868816363
1.9701001001001002,0.9999799018654836
1.9721021021021021,0.999981390494445
1.9741041041041043,0.999982883933096
1.9761061061061063,0.9999844028443438
1.9781081081081082,0.9999859539726789
1.9801101101101102,0.999987535015605
1.9821121121121121,0.9999891248362885
1.9841141141141143,0.9999906895720903
1.9861161161161163,0.9999921819238154
1.9881181181181182,0.9999935425913663
1.9901201201201202,0.9999947023364987
1.9921221221221221,0.9999955845917051
1.9941241241241243,0.9999961085473138
1.9961261261261263,0.9999961925446075
1.9981281281281282,0.9999957576666264
2.00013013013013,0.999994731382655
2.0021321321321324,0.9999930511051697
2.004134134134134,0.9999906674881563
2.0061361361361363,0.9999875473419422
2.008138138138138,0.9999836760537054
2.01014014014014,0.999979059382037
2.0121421421421424,0.9999737245413859
2.014144144144144,0.9999677205335852
2.0161461461461463,0.9999611177121683
2.018148148148148,0.9999540065585955
2.02015015015015,0.9999464956629168
2.0221521521521524,0.9999387090475785
2.024154154154154,0.999930782897235
2.0261561561561563,0.9999228618320332
2.028158158158158,0.9999150947176465
2.03016016016016,0.9999076303399693
2.0321621621621624,0.9999006130253333
2.034164164164164,0.9998941784300908
2.0361661661661663,0.999888449433716
2.038168168168168,0.9998835325363505
2.04017017017017,0.9998795148030685
2.0421721721721724,0.9998764615344341
2.044174174174174,0.999874414473478
2.0461761761761763,0.9998733909320114
2.0481781781781785,0.9998733837683501
2.0501801801801802,0.9998743622280547
2.0521821821821824,0.9998762733545279
2.054184184184184,0.9998790442901309
2.0561861861861863,0.9998825852753704
2.0581881881881885,0.9998867930148051
2.0601901901901902,0.9998915543992608
2.0621921921921924,0.9998967505943706
2.064194194194194,0.9999022612104617
2.0661961961961963,0.999907968158721
2.0681981981981985,0.9999137594739315
2.0702002002002002,0.9999195327910053
2.0722022022022024,0.999925198075003
2.074204204204204,0.9999306799079374
2.0762062062062063,0.9999359191237597
2.0782082082082085,0.9999408734936117
2.0802102102102102,0.9999455177986784
2.0822122122122124,0.9999498431501943
2.084214214214214,0.9999538554599972
2.0862162162162163,0.9999575734088696
2.0882182182182185,0.9999610258090386
2.0902202202202202,0.999964248521519
2.0922222222222224,0.9999672811532898
2.094224224224224,0.999970163559989
2.0962262262262263,0.9999729324231025
2.0982282282282285,0.9999756179705385
2.1002302302302303,0.9999782410629745
2.1022322322322324,0.9999808107268132
2.104234234234234,0.999983322268386
2.1062362362362363,0.9999857561108524
2.1082382382382385,0.9999880772945366
2.1102402402402403,0.9999902358570509
2.1122422422422424,0.9999921679088646
2.114244244244244,0.9999937975050202
2.1162462462462464,0.9999950392143884
2.1182482482482485,0.9999958012266165
2.1202502502502503,0.9999959697001211
2.1222522522522524,0.9999955000799305
2.124254254254254,0.9999942763977017
2.1262562562562564,0.9999922202233065
2.1282582582582585,0.9999892666497949
2.1302602602602603,0.9999853679765562
2.1322622622622625,0.9999804969150627
2.134264264264264,0.9999746491770679
2.1362662662662664,0.9999678453272237
2.1382682682682685,0.9999601318090717
2.1402702702702703,0.9999515810782365
2.1422722722722725,0.9999422908021969
2.144274274274274,0.9999323822477921
2.1462762762762764,0.9999219977242544
2.1482782782782786,0.9999112972519998
2.1502802802802803,0.9999004545585203
2.1522822822822825,0.9998896525303788
2.154284284284284,0.9998790781831697
2.1562862862862864,0.9998686556910416
2.1582882882882886,0.9998590739111485
2.1602902902902903,0.9998502573323967
2.1622922922922925,0.9998423583200343
2.164294294294294,0.9998355106063739
2.1662962962962964,0.9998298227071126
2.1682982982982986,0.999825379744028
2.1703003003003003,0.9998222345694446
2.1723023023023025,0.9998204155692202
2.1743043043043047,0.9998199161555136
2.1763063063063064,0.9998207076566807
2.1783083083083086,0.9998227300055589
2.1803103103103103,0.9998258985143438
2.1823123123123125,0.9998301141099517
2.1843143143143147,0.9998352242174509
2.1863163163163164,0.999841158447984
2.1883183183183186,0.9998477312255275
2.1903203203203203,0.9998548334095594
2.1923223223223225,0.9998623072768026
2.1943243243243247,0.999870018167594
2.1963263263263264,0.9998778442717657
2.1983283283283286,0.9998856674408388
2.2003303303303303,0.9998933949780321
2.2023323323323325,0.9999009481551782
2.2043343343343347,0.9999082665042102
2.2063363363363364,0.9999153078548458
2.2083383383383386,0.9999220474415594
2.2103403403403403,0.999928476256411
2.2123423423423425,0.9999345986919355
2.2143443443443447,0.9999404295795938
2.2163463463463464,0.9999459907737566
2.2183483483483486,0.9999513074155252
2.2203503503503503,0.9999564041090864
2.2223523523523525,0.9999612460725394
2.2243543543543547,0.9999659471557854
2.2263563563563564,0.9999704640833545
2.2283583583583586,0.999974785152879
2.2303603603603603,0.9999788832504247
2.2323623623623625,0.9999827148873185
2.2343643643643647,0.999986220015244
2.2363663663663664,0.9999893226451777
2.2383683683683686,0.9999919325718646
2.2403703703703703,0.999993947823702
2.2423723723723725,0.9999952578274584
2.2443743743743747,0.9999957555788831
2.2463763763763764,0.9999953058742558
2.2483783783783786,0.9999938089551004
2.2503803803803804,0.9999911555349548
2.2523823823823825,0.9999872646789434
2.2543843843843847,0.9999820698022116
2.2563863863863864,0.9999755267705727
2.2583883883883886,0.9999676182355198
2.2603903903903904,0.9999583569176946
2.2623923923923925,0.9999477868027825
2.2643943943943947,0.9999359854462289
2.2663963963963965,0.9999230625719792
2.2683983983983986,0.9999092198214043
2.2704004004004004,0.9998945109638223
2.2724024024024025,0.9998791875359898
2.2744044044044047,0.9998634677534138
2.2764064064064065,0.9998476689519039
2.2784084084084086,0.9998318704743016
2.2804104104104104,0.9998164679342446
2.2824124124124126,0.9998015789400432
2.2844144144144147,0.9997875061335548
2.2864164164164165,0.9997744752714175
2.2884184184184186,0.9997626910684162
2.2904204204204204,0.9997523338478173
2.2924224224224226,0.9997435534989826
2.2944244244244247,0.999736467968572
2.2964264264264265,0.9997311587634492
2.2984284284284286,0.9997276711129158
2.3004304304304304,0.9997260137371479
2.3024324324324326,0.999726159310239
2.3044344344344347,0.99972804669519
2.3064364364364365,0.999731584147154
2.3084384384384387,0.9997366535302588
2.3104404404404404,0.999743114655525
2.3124424424424426,0.9997508104607353
2.3144444444444447,0.9997595724861922
2.3164464464464465,0.9997692264243407
2.3184484484484487,0.9997795975338778
2.3204504504504504,0.9997905156779268
2.3224524524524526,0.9998018199182802
2.3244544544544548,0.9998133705656455
2.3264564564564565,0.9998250152107585
2.3284584584584587,0.9998366829494862
2.3304604604604604,0.9998482259517694
2.3324624624624626,0.9998594961930296
2.3344644644644648,0.9998706400552361
2.3364664664664665,0.999881503737951
2.3384684684684687,0.999892068254302
2.3404704704704704,0.9999023162661305
2.3424724724724726,0.9999122333849036
2.3444744744744748,0.9999218131304111
2.3464764764764765,0.9999310459780388
2.3484784784784787,0.9999399163623812
2.3504804804804804,0.999948380435832
2.3524824824824826,0.999956433330754
2.3544844844844848,0.9999640214139793
2.3564864864864865,0.9999710516524357
2.3584884884884887,0.9999774371155841
2.3604904904904904,0.9999830724964824
2.3624924924924926,0.999987754452643
2.364494494494495,0.999991499532303
2.3664964964964965,0.9999940856937442
2.3684984984984987,0.9999953583077027
2.3705005005005004,0.9999951617738512
2.3725025025025026,0.9999933483646254
2.374504504504505,0.9999897607385207
2.3765065065065065,0.9999842874539308
2.3785085085085087,0.9999768262538276
2.3805105105105104,0.9999673051650406
2.3825125125125126,0.9999556861352836
2.384514514514515,0.9999419693731882
2.3865165165165165,0.9999261967209702
2.3885185185185187,0.9999084538865424
2.3905205205205204,0.9998888711956624
2.3925225225225226,0.999867351618192
2.394524524524525,0.9998448007723939
2.3965265265265265,0.9998208905624197
2.3985285285285287,0.9997960737072311
2.4005305305305304,0.9997706682822441
2.4025325325325326,0.9997450143558585
2.404534534534535,0.9997194664187964
2.4065365365365365,0.9996943857185365
2.4085385385385387,0.9996701319572836
2.4105405405405405,0.9996470547211553
2.4125425425425426,0.999625484808866
2.414544544544545,0.9996057280510691
2.4165465465465465,0.9995880563632972
2.4185485485485487,0.999572855207555
2.4205505505505505,0.9995594129584471
2.4225525525525526,0.9995492384705259
2.424554554554555,0.9995418080056498
2.4265565565565566,0.999537173395082
2.4285585585585587,0.9995353504248924
2.4305605605605605,0.9995362430506072
2.4325625625625626,0.9995403814005486
2.434564564564565,0.9995463136730951
2.4365665665665666,0.9995546523278814
2.4385685685685687,0.9995651984091133
2.4405705705705705,0.9995776869424668
2.4425725725725727,0.9995918932871192
2.444574574574575,0.9996075882019984
2.4465765765765766,0.9996245405637493
2.4485785785785787,0.999642526406328
2.4505805805805805,0.999661330555447
2.4525825825825827,0.9996807527763197
2.454584584584585,0.9997006095300495
2.4565865865865866,0.9997207353699411
2.4585885885885888,0.9997408282357073
2.4605905905905905,0.9997610996974597
2.4625925925925927,0.9997812507537693
2.464594594594595,0.9998011921160849
2.4665965965965966,0.9998208020941876
2.4685985985985988,0.9998400138054999
2.4706006006006005,0.9998587299620355
2.4726026026026027,0.9998768548211004
2.474604604604605,0.9998942840436121
2.4766066066066066,0.9999108988140245
2.4786086086086088,0.9999265633596058
2.4806106106106105,0.9999411223136764
2.4826126126126127,0.9999543995936223
2.484614614614615,0.9999661978581792
2.4866166166166166,0.9999763004498607
2.4886186186186188,0.9999844671532233
2.4906206206206205,0.999990465894815
2.4926226226226227,0.9999939612677631
2.494624624624625,0.9999948772185459
2.4966266266266266,0.9999928669505684
2.498628628628629,0.9999876973370286
2.5006306306306305,0.9999791586770235
2.5026326326326327,0.9999670733696482
2.504634634634635,0.9999513042856989
2.5066366366366366,0.9999317629565436
2.508638638638639,0.9999084162224591
2.5106406406406405,0.99988129240587
2.5126426426426427,0.9998504857407632
2.514644644644645,0.9998161588422482
2.5166466466466466,0.9997785443791826
2.518648648648649,0.9997379432051716
2.5206506506506505,0.9996947226423439
2.5226526526526527,0.9996487340654598
2.524654654654655,0.9996015654034858
2.5266566566566566,0.9995532179692358
2.528658658658659,0.9995042573829307
2.5306606606606605,0.9994552760723996
2.5326626626626627,0.9994068778906201
2.534664664664665,0.9993596712856966
2.5366666666666666,0.9993152965150438
2.538668668668669,0.9992722765966048
2.5406706706706705,0.9992322141835399
2.5426726726726727,0.9991955495952967
2.544674674674675,0.9991627217787595
2.5466766766766766,0.9991341116814655
2.548678678678679,0.999110031015121
2.5506806806806805,0.9990893979584717
2.5526826826826827,0.999074946389761
2.554684684684685,0.9990654703385308
2.5566866866866866,0.9990610962853346
2.558688688688689,0.9990617293615918
2.5606906906906906,0.999067292167832
2.5626926926926927,0.9990775541276117
2.564694694694695,0.9990923313492956
2.5666966966966966,0.9991113655956689
2.568698698698699,0.999134365058317
2.5707007007007006,0.99916101259556
2.5727027027027027,0.9991909735914601
2.574704704704705,0.9992241056149649
2.5767067067067067,0.9992596411845815
2.578708708708709,0.9992975304438864
2.5807107107107106,0.9993372631710341
2.5827127127127127,0.9993785810779537
2.584714714714715,0.9994211544110447
2.5867167167167167,0.9994646598584256
2.588718718718719,0.9995087802467997
2.5907207207207206,0.9995532005295775
2.5927227227227228,0.999597601666259
2.594724724724725,0.99964165579537
2.5967267267267267,0.9996850198531021
2.598728728728729,0.9997273336423413
2.6007307307307306,0.9997682082601446
2.6027327327327328,0.9998072526500527
2.604734734734735,0.9998439807130606
2.606736736736737,0.9998779302717326
2.608738738738739,0.9999085931037579
2.6107407407407406,0.9999354315161247
2.6127427427427428,0.9999578825909243
2.614744744744745,0.9999753645134092
2.616746746746747,0.9999872849425728
2.618748748748749,0.9999930512973174
2.6207507507507506,0.9999920830541166
2.6227527527527528,0.9999838223937513
2.624754754754755,0.9999677282516451
2.626756756756757,0.9999433711990099
2.628758758758759,0.9999106248273608
2.6307607607607606,0.9998687567122714
2.6327627627627628,0.9998177304454721
2.634764764764765,0.9997574508741155
2.636766766766767,0.9996879443828397
2.638768768768769,0.9996085491403152
2.6407707707707706,0.9995209928572348
2.642772772772773,0.9994251095013879
2.644774774774775,0.999321415209585
2.646776776776777,0.9992106755086917
2.648778778778779,0.9990936796313745
2.6507807807807806,0.9989714388112837
2.652782782782783,0.9988449870392708
2.654784784784785,0.9987155005222697
2.656786786786787,0.9985842202682549
2.658788788788789,0.9984524435862951
2.6607907907907906,0.9983215042023021
2.662792792792793,0.9981928914524139
2.664794794794795,0.9980676722338216
2.666796796796797,0.9979472971062884
2.668798798798799,0.9978330353940118
2.6708008008008006,0.9977260890505614
2.672802802802803,0.9976275803278808
2.674804804804805,0.9975385315640549
2.676806806806807,0.997459859752254
2.678808808808809,0.9973923604051765
2.680810810810811,0.9973367082012669
2.682812812812813,0.9972934460272572
2.684814814814815,0.9972629907643571
2.686816816816817,0.9972456288805014
2.688818818818819,0.9972415227934491
2.690820820820821,0.9972507160833041
2.692822822822823,0.9972731360117362
2.694824824824825,0.9973086054040889
2.696826826826827,0.9973567329172022
2.698828828828829,0.9974173809272245
2.700830830830831,0.9974899700629599
2.702832832832833,0.9975739581214548
2.704834834834835,0.9976687230174347
2.706836836836837,0.9977735733278317
2.708838838838839,0.9978876956258637
2.710840840840841,0.998010267964218
2.712842842842843,0.9981403956854005
2.714844844844845,0.998276887137279
2.716846846846847,0.9984186719538853
2.718848848848849,0.9985645684070821
2.720850850850851,0.9987130158545287
2.722852852852853,0.9988626609489083
2.724854854854855,0.9990116615550243
2.726856856856857,0.9991583393566527
2.728858858858859,0.9993006139258419
2.730860860860861,0.9994363265871572
2.732862862862863,0.9995625765752817
2.734864864864865,0.9996779567895532
2.736866866866867,0.9997792773576257
2.738868868868869,0.9998640416157454
2.740870870870871,0.9999285852657516
2.742872872872873,0.9999701293926556
2.744874874874875,0.999985440081425
2.746876876876877,0.9999712297283467
2.748878878878879,0.999924176139362
2.750880880880881,0.9998413262855222
2.752882882882883,0.9997180463769021
2.754884884884885,0.9995525871645548
2.756886886886887,0.9993413167729223
2.758888888888889,0.9990812295669337
2.760890890890891,0.9987695549806141
2.762892892892893,0.998403794479854
2.764894894894895,0.9979816671216867
2.766896896896897,0.9975012561914411
2.768898898898899,0.996960922240763
2.770900900900901,0.9963594593318554
2.772902902902903,0.9956959762141655
2.774904904904905,0.9949698801725726
2.7769069069069072,0.9941813988281135
2.778908908908909,0.9933304262471077
2.780910910910911,0.9924178576629216
2.782912912912913,0.9914447683421719
2.784914914914915,0.9904125917447615
2.7869169169169172,0.9893230973628069
2.788918918918919,0.9881783650050386
2.790920920920921,0.9869807559717063
2.792922922922923,0.9857373964594293
2.794924924924925,0.9844425319833415
2.7969269269269272,0.9831063003746523
2.798928928928929,0.9817265686759917
2.800930930930931,0.9802909758144527
2.802932932932933,0.9788370977063756
2.804934934934935,0.9773522146808015
2.8069369369369372,0.9758399472781589
2.808938938938939,0.9743039504680749
2.810940940940941,0.9727480082192798
2.812942942942943,0.9711758291245892
2.814944944944945,0.9695913067874058
2.8169469469469473,0.9679983145647917
2.818948948948949,0.9664008357311089
2.820950950950951,0.9648030178358588
2.822952952952953,0.9632089358725417
2.824954954954955,0.9616228784651321
2.8269569569569573,0.960049270862192
2.828958958958959,0.9584926944625296
2.830960960960961,0.956957749322425
2.832962962962963,0.955449249627638
2.834964964964965,0.9539722187015054
2.8369669669669673,0.9525316189306685
2.838968968968969,0.9511327703222159
2.840970970970971,0.9497809150777824
2.842972972972973,0.9484814201028379
2.844974974974975,0.9472397448851267
2.8469769769769773,0.9460612586220217
2.848978978978979,0.9449644287573005
2.850980980980981,0.9439286281456151
2.852982982982983,0.9429718200701097
2.854984984984985,0.9420989715992798
2.8569869869869873,0.9413147829900017
2.858988988988989,0.9406236303431803
2.860990990990991,0.9400295559943534
2.862992992992993,0.9395360850943648
2.864994994994995,0.9391465037897678
2.8669969969969973,0.9388633396663669
2.868998998998999,0.9386886647536012
2.871001001001001,0.9386239087935068
2.873003003003003,0.9386699644346371
2.875005005005005,0.9388275429153876
2.8770070070070073,0.9390951142260584
2.879009009009009,0.9394720514117518
2.881011011011011,0.9399567714354061
2.883013013013013,0.9405468137923303
2.885015015015015,0.941239142678646
2.8870170170170173,0.9420303889396734
2.889019019019019,0.9429163210058537
2.891021021021021,0.9438925559945611
2.893023023023023,0.9449540575440678
2.895025025025025,0.9460954247184777
2.8970270270270273,0.9473111546759087
2.899029029029029,0.9485952350824051
2.901031031031031,0.9499416772026419
2.903033033033033,0.9513442905521402
2.905035035035035,0.9527970048109747
2.9070370370370373,0.954293128491722
2.909039039039039,0.9558266348898409
2.911041041041041,0.9573914634150626
2.913043043043043,0.9589816722963909
2.915045045045045,0.9605913631273456
2.9170470470470473,0.9622149761162777
2.919049049049049,0.9638472201044244
2.9210510510510512,0.9654826370254865
2.923053053053053,0.9671164779430467
2.925055055055055,0.9687440634283605
2.9270570570570573,0.9703609488203692
2.929059059059059,0.9719629326308407
2.9310610610610612,0.9735460190682113
2.933063063063063,0.9751064298942437
2.935065065065065,0.9766406188423062
2.9370670670670673,0.9781451792213044
2.939069069069069,0.9796168844738143
2.9410710710710712,0.9810526876624437
2.943073073073073,0.9824496812417138
2.945075075075075,0.9838050873041823
2.9470770770770773,0.9851163116940675
2.949079079079079,0.9863826505239768
2.9510810810810812,0.9875981468064384
2.953083083083083,0.9887623948509121
2.955085085085085,0.9898735634053155
2.9570870870870873,0.9909294141985194
2.959089089089089,0.9919285244095323
2.9610910910910913,0.9928694692010086
2.963093093093093,0.9937510218529588
2.965095095095095,0.9945723462012802
2.9670970970970973,0.9953328026354891
2.9690990990990995,0.9960319630486274
2.9711011011011013,0.9966698501362123
2.973103103103103,0.9972467902599909
2.975105105105105,0.9977634261415156
2.9771071071071074,0.9982207412325587
2.9791091091091095,0.9986200555423183
2.9811111111111113,0.9989630326936645
2.983113113113113,0.9992516058360152
2.985115115115115,0.9994880617234625
2.9871171171171174,0.9996749413070378
2.9891191191191195,0.999815033110393
2.9911211211211213,0.9999113414006178
2.993123123123123,0.999967050551708
2.995125125125125,0.9999854871168498
2.9971271271271274,0.9999700803153958
2.9991291291291295,0.9999243216355792
3.0011311311311313,0.9998517246784673
3.003133133133133,0.999755786015476
3.005135135135135,0.999639948009054
3.0071371371371374,0.9995075644537881
3.0091391391391396,0.9993618692224022
3.0111411411411413,0.9992059489353744
3.013143143143143,0.999042720589947
3.015145145145145,0.9988749127046255
3.0171471471471474,0.9987050513582308
3.0191491491491496,0.9985354519301305
3.0211511511511513,0.998368214602477
3.023153153153153,0.9982052229790838
3.025155155155155,0.9980481483284169
3.0271571571571574,0.9978984575501216
3.0291591591591596,0.9977574204000339
3.0311611611611613,0.9976261221699879
3.033163163163163,0.9975054788002361
3.035165165165165,0.9973962475080965
3.0371671671671674,0.9972990427497411
3.0391691691691696,0.9972143520346899
3.0411711711711713,0.9971422668803219
3.043173173173173,0.9970835984995062
3.045175175175175,0.9970382569738409
3.0471771771771774,0.997006329240496
3.0491791791791796,0.9969878239350137
3.0511811811811813,0.9969826664927525
3.053183183183183,0.9969907357285143
3.0551851851851852,0.9970118121988826
3.0571871871871874,0.9970456251496403
3.0591891891891896,0.9970918195475089
3.0611911911911913,0.9971499546723824
3.063193193193193,0.9972195315706763
3.0651951951951952,0.9972999742573725
3.0671971971971974,0.9973905896850733
3.0691991991991996,0.9974906334932715
3.0712012012012013,0.9975992681608246
3.073203203203203,0.9977155731960766
3.0752052052052052,0.9978385610113559
3.0772072072072074,0.9979671400471616
3.0792092092092096,0.9981001884179802
3.0812112112112113,0.9982365197207419
3.083213213213213,0.9983749059030576
3.0852152152152152,0.9985140929505429
3.0872172172172174,0.9986528158284866
3.0892192192192196,0.9987898148355681
3.0912212212212213,0.9989238541058364
3.093223223223223,0.9990537342464347
3.0952252252252253,0.9991783319838358
3.0972272272272274,0.9992965834252715
3.0992292292292296,0.9994075231582591
3.1012312312312313,0.9995102929359007
3.103233233233233,0.9996041516200916
3.1052352352352353,0.9996884963298233
3.1072372372372374,0.9997628521218997
3.1092392392392396,0.9998268874074313
3.1112412412412414,0.9998804188196607
3.113243243243243,0.9999233817822315
3.1152452452452453,0.9999559095216214
3.1172472472472474,0.9999782047493736
3.1192492492492496,0.999990611119603
3.1212512512512514,0.9999935844246386
3.123253253253253,0.9999876755045698
3.1252552552552553,0.9999735176477536
3.1272572572572575,0.9999518098681808
3.1292592592592596,0.9999233248275137
3.1312612612612614,0.9998888025279525
3.133263263263263,0.9998490634744178
3.1352652652652653,0.999804953610465
3.1372672672672675,0.99975737428184
3.1392692692692696,0.9997067966840694
3.1412712712712714,0.9996541212154989
3.143273273273273,0.9996000509841029
3.1452752752752753,0.9995452432984482
3.1472772772772775,0.9994903060575219
3.1492792792792796,0.9994357965265589
3.1512812812812814,0.9993822194105226
3.153283283283283,0.999330028708744
3.1552852852852853,0.9992796325218599
3.1572872872872875,0.9992313940566996
3.1592892892892896,0.9991856366470055
3.1612912912912914,0.9991426516511206
3.163293293293293,0.9991017486952563
3.1652952952952953,0.9990650741247274
3.1672972972972975,0.9990318875471442
3.1692992992992997,0.9990023604861761
3.1713013013013014,0.9989767303003314
3.173303303303303,0.9989551453116522
3.1753053053053053,0.9989377989621665
3.1773073073073075,0.9989247759402162
3.1793093093093097,0.9989163111677966
3.1813113113113114,0.9989124031390954
3.183313313313313,0.9989131675151856
3.1853153153153153,0.9989187773448212
3.1873173173173175,0.9989291749859818
3.1893193193193197,0.9989443771141072
3.1913213213213214,0.998964336114534
3.193323323323323,0.9989889500173954
3.1953253253253253,0.9990180615250093
3.1973273273273275,0.9990514708654676
3.1993293293293297,0.9990889348657629
3.2013313313313314,0.999130152660742
3.203333333333333,0.9991747599093687
3.2053353353353353,0.999222335914311
3.2073373373373375,0.9992723217369275
3.2093393393393397,0.9993244759752589
3.2113413413413414,0.9993779576981445
3.213343343343343,0.9994323672643958
3.2153453453453453,0.9994869802820525
3.2173473473473475,0.9995411657487685
3.2193493493493497,0.9995948245275679
3.2213513513513514,0.9996466403242519
3.223353353353353,0.9996962288632756
3.2253553553553553,0.9997433049879371
3.2273573573573575,0.9997874739212913
3.2293593593593597,0.9998278597949072
3.2313613613613614,0.9998643663402019
3.233363363363363,0.9998968313071162
3.2353653653653653,0.9999247248641174
3.2373673673673675,0.9999480502010004
3.2393693693693697,0.9999666699703054
3.2413713713713714,0.9999805818578478
3.243373373373373,0.9999898435307021
3.2453753753753753,0.9999945757795367
3.2473773773773775,0.9999949585164258
3.2493793793793797,0.9999912247254769
3.2513813813813814,0.9999836540653986
3.253383383383383,0.9999725604738474
3.2553853853853854,0.9999582875591715
3.2573873873873875,0.9999411963268882
3.2593893893893897,0.9999216578750912
3.2613913913913914,0.999900046723412
3.263393393393393,0.999876730376099
3.2653953953953954,0.9998520656330546
3.2673973973973975,0.9998264109729832
3.2693993993993997,0.9998000454556332
3.2714014014014015,0.9997732813520309
3.273403403403403,0.999746386051404
3.2754054054054054,0.9997196006015792
3.2774074074074075,0.9996931766526962
3.2794094094094097,0.9996672322486415
3.2814114114114115,0.9996420228167815
3.283413413413413,0.9996178445588992
3.2854154154154154,0.9995944030856423
3.2874174174174176,0.9995720570395621
3.2894194194194197,0.9995509234929777
3.2914214214214215,0.9995311150939508
3.293423423423423,0.9995127426965461
3.2954254254254254,0.9994959186543094
3.2974274274274276,0.9994807577389206
3.2994294294294297,0.9994673775394042
3.3014314314314315,0.9994558976120126
3.303433433433433,0.9994464400536972
3.3054354354354354,0.9994391265169791
3.3074374374374376,0.9994340743210856
3.3094394394394397,0.9994313939124796
3.3114414414414415,0.9994311907204997
3.313443443443443,0.9994330831304131
3.3154454454454454,0.9994380613660568
3.3174474474474476,0.9994456999078268
3.3194494494494498,0.9994560070389625
3.3214514514514515,0.9994689625812903
3.323453453453453,0.9994845033898903
3.3254554554554554,0.999502536192992
3.3274574574574576,0.9995229949225177
3.3294594594594598,0.9995454866177078
3.3314614614614615,0.9995700087076731
3.3334634634634632,0.9995962421051904
3.3354654654654654,0.9996238968956875
3.3374674674674676,0.9996526604720475
3.3394694694694698,0.9996821936744188
3.3414714714714715,0.9997121405424462
3.3434734734734737,0.9997421349552731
3.3454754754754754,0.9997718914923973
3.3474774774774776,0.99980087957338
3.3494794794794798,0.9998288161143852
3.3514814814814815,0.9998553636997012
3.3534834834834837,0.9998801593421749
3.3554854854854854,0.9999030633017039
3.3574874874874876,0.9999237587421139
3.3594894894894898,0.9999420461030121
3.3614914914914915,0.9999577707206312
3.3634934934934937,0.9999708225524563
3.3654954954954954,0.9999811399737327
3.3674974974974976,0.9999887076772869
3.3694994994995,0.9999935541188493
3.3715015015015015,0.9999957506245523
3.3735035035035037,0.9999953979266066
3.3755055055055054,0.9999926479677708
3.3775075075075076,0.9999876877504428
3.37950950950951,0.9999806767964204
3.3815115115115115,0.9999718372363814
3.3835135135135137,0.9999613881746748
3.3855155155155154,0.9999495523661195
3.3875175175175176,0.9999365523509396
3.38951951951952,0.999922604571534
3.3915215215215215,0.9999078670525016
3.3935235235235237,0.9998926281230665
3.3955255255255254,0.9998770131062352
3.3975275275275276,0.9998611983717636
3.39952952952953,0.9998453189625022
3.4015315315315315,0.9998294998993373
3.4035335335335337,0.9998138495523087
3.4055355355355355,0.9997984611074172
3.4075375375375376,0.9997834148130544
3.40953953953954,0.9997690124649562
3.4115415415415415,0.9997548611922394
3.4135435435435437,0.9997412442223019
3.4155455455455455,0.9997282197903037
3.4175475475475476,0.9997158475439059
3.41954954954955,0.9997041910134397
3.4215515515515516,0.9996933193172579
3.4235535535535537,0.9996833081209144
3.4255555555555555,0.9996742400424998
3.4275575575575576,0.9996662043023484
3.42955955955956,0.9996592956165474
3.4315615615615616,0.9996536123607855
3.4335635635635637,0.9996492540750136
3.4355655655655655,0.999646318740319
3.4375675675675677,0.9996448991196633
3.43956956956957,0.9996450788959298
3.4415715715715716,0.9996468553294661
3.4435735735735737,0.9996504330623084
3.4455755755755755,0.9996557684890961
3.4475775775775777,0.9996628720995656
3.44957957957958,0.9996717284791027
3.4515815815815816,0.9996822939612323
3.4535835835835837,0.9996944953389898
3.4555855855855855,0.9997082288150485
3.4575875875875877,0.9997233616125757
3.45958958958959,0.9997397323808878
3.4615915915915916,0.9997571537744716
3.4635935935935938,0.999775415596311
3.4655955955955955,0.9997942886857021
3.4675975975975977,0.9998135109204669
3.4695995995996,0.9998328686289704
3.4716016016016016,0.9998520836689705
3.4736036036036038,0.9998709006716215
3.4756056056056055,0.9998890714863461
3.4776076076076077,0.9999063605881927
3.47960960960961,0.9999225501772379
3.481611611611612,0.9999374365673092
3.4836136136136138,0.9999508679624568
3.4856156156156155,0.9999626951204271
3.4876176176176177,0.9999728098557079
3.48961961961962,0.9999811371201915
3.491621621621622,0.9999876353775542
3.4936236236236238,0.9999922961429925
3.4956256256256255,0.9999951425752264
3.4976276276276277,0.9999962272735439
3.49962962962963,0.9999956293135074
3.501631631631632,0.9999934507275501
3.503633633633634,0.9999898124629504
3.5056356356356355,0.9999848490648026
3.5076376376376377,0.9999787082509721
3.50963963963964,0.9999715405014851
3.511641641641642,0.9999634987466539
3.513643643643644,0.999954733441071
3.5156456456456455,0.9999453890951754
3.5176476476476477,0.9999356019083108
3.51964964964965,0.9999255084993361
3.521651651651652,0.9999151933587453
3.523653653653654,0.9999047716608669
3.5256556556556555,0.9998943240978239
3.5276576576576577,0.9998839238817249
3.52965965965966,0.9998736278069499
3.531661661661662,0.9998634858132058
3.533663663663664,0.9998536274231624
3.5356656656656655,0.9998439100312958
3.5376676676676677,0.9998344507584549
3.53966966966967,0.9998252789400875
3.541671671671672,0.9998164256336594
3.543673673673674,0.9998079255865479
3.5456756756756755,0.9997998186008035
3.5476776776776777,0.9997921517016866
3.54967967967968,0.9997849691979496
3.551681681681682,0.9997782119230988
3.553683683683684,0.9997722217489484
3.5556856856856855,0.9997669356555478
3.5576876876876877,0.9997624345483995
3.55968968968969,0.9997588015264901
3.561691691691692,0.9997561217807373
3.563693693693694,0.9997544754231538
3.5656956956956956,0.9997539388754688
3.5676976976976977,0.9997545787413645
3.5696996996997,0.9997564491171296
3.571701701701702,0.9997595860728755
3.573703703703704,0.9997640135777238
3.5757057057057056,0.9997697292944253
3.5777077077077077,0.9997767136556256
3.57970970970971,0.9997849173968391
3.581711711711712,0.9997942760483178
3.583713713713714,0.9998046944401586
3.5857157157157156,0.9998160555313248
3.5877177177177177,0.9998282250332239
3.58971971971972,0.9998410499553974
3.591721721721722,0.999854359697841
3.593723723723724,0.999867970038954
3.5957257257257256,0.9998816971828045
3.5977277277277278,0.9998953441537337
3.59972972972973,0.9999087216918758
3.601731731731732,0.9999216422604071
3.603733733733734,0.9999339303433271
3.6057357357357356,0.9999454226108666
3.6077377377377378,0.9999559730066
3.60973973973974,0.9999654562553512
3.611741741741742,0.9999737986487698
3.613743743743744,0.9999808334602912
3.6157457457457456,0.9999865959746099
3.6177477477477478,0.9999910497691207
3.61974974974975,0.9999941490442301
3.621751751751752,0.9999959322799685
3.623753753753754,0.999996445846661
3.6257557557557556,0.9999957637663178
3.6277577577577578,0.9999939607444457
3.62975975975976,0.9999911256924574
3.631761761761762,0.9999873643727824
3.633763763763764,0.9999827925827723
3.6357657657657656,0.9999775097367476
3.637767767767768,0.9999716382958869
3.63976976976977,0.9999652892283455
3.641771771771772,0.9999585615279152
3.643773773773774,0.9999515526902795
3.6457757757757756,0.9999443317656604
3.647777777777778,0.9999370065785336
3.64977977977978,0.999929625800192
3.651781781781782,0.9999222334708711
3.653783783783784,0.9999148977679585
3.6557857857857856,0.9999076280599123
3.657787787787788,0.9999004546788987
3.65978978978979,0.9998933979219811
3.661791791791792,0.9998864819417986
3.663793793793794,0.9998797199344562
3.6657957957957956,0.9998730886351024
3.667797797797798,0.9998666508765374
3.6697997997998,0.9998604136288182
3.671801801801802,0.9998544040362273
3.673803803803804,0.9998486566854793
3.6758058058058056,0.9998432137281813
3.677807807807808,0.9998381241876356
3.67980980980981,0.9998334441076133
3.681811811811812,0.9998292375780277
3.683813813813814,0.9998255735954455
3.6858158158158156,0.9998225244394642
3.687817817817818,0.9998201629475311
3.68981981981982,0.9998185602102828
3.691821821821822,0.9998177961367967
3.693823823823824,0.9998178938269039
3.6958258258258256,0.9998189382510249
3.697827827827828,0.9998209556320848
3.69982982982983,0.9998239678606983
3.701831831831832,0.9998280289292679
3.703833833833834,0.9998330398003555
3.7058358358358356,0.9998389960778952
3.707837837837838,0.9998458941797811
3.70983983983984,0.9998535923973699
3.711841841841842,0.99986203892431
3.713843843843844,0.9998711282215649
3.7158458458458457,0.9998807397162338
3.717847847847848,0.9998907403405661
3.71984984984985,0.9999009874885831
3.721851851851852,0.9999113322964668
3.723853853853854,0.9999216231468443
3.7258558558558557,0.9999316523744836
3.727857857857858,0.9999413926776062
3.72985985985986,0.9999506436143017
3.731861861861862,0.9999592776761359
3.733863863863864,0.9999671938236421
3.7358658658658657,0.9999742718676659
3.737867867867868,0.9999804376345108
3.73986986986987,0.9999856447892319
3.741871871871872,0.9999898485437886
3.743873873873874,0.9999930304921955
3.7458758758758757,0.9999951941230623
3.747877877877878,0.999996360254708
3.74987987987988,0.9999965669233332
3.751881881881882,0.9999958703264858
3.753883883883884,0.9999943315465433
3.7558858858858857,0.9999920285844299
3.757887887887888,0.9999890441278542
3.75988988988989,0.999985466373751
3.761891891891892,0.9999813833203243
3.763893893893894,0.9999768817231697
3.7658958958958957,0.9999720501656101
3.767897897897898,0.9999669583989376
3.7698998998999,0.9999616829762005
3.771901901901902,0.9999562871154405
3.773903903903904,0.9999508268758284
3.7759059059059057,0.9999453588211358
3.777907907907908,0.9999398534171094
3.77990990990991,0.9999344039007438
3.7819119119119122,0.9999290059217971
3.783913913913914,0.9999236715786594
3.7859159159159157,0.999918409239816
3.787917917917918,0.9999132233287114
3.78991991991992,0.9999081038030238
3.7919219219219222,0.9999030930341457
3.793923923923924,0.9998981767048418
3.7959259259259257,0.9998933738306066
3.797927927927928,0.9998887034856853
3.79992992992993,0.9998841925630767
3.8019319319319322,0.9998798760397405
3.803933933933934,0.9998757952223207
3.8059359359359357,0.9998719990442544
3.807937937937938,0.9998685411214929
3.80993993993994,0.9998654868918663
3.8119419419419422,0.9998628910501905
3.813943943943944,0.9998608122726629
3.8159459459459457,0.999859336560722
3.817947947947948,0.9998584984034808
3.81994994994995,0.9998583471162455
3.8219519519519523,0.9998589530596704
3.823953953953954,0.9998603537394734
3.8259559559559557,0.9998625429305054
3.827957957957958,0.9998655404233018
3.82995995995996,0.9998693380484432
3.8319619619619623,0.9998739130440213
3.833963963963964,0.9998792220368177
3.8359659659659657,0.9998852060500256
3.837967967967968,0.9998918142836597
3.83996996996997,0.9998989466382546
3.8419719719719723,0.9999065040495162
3.843973973973974,0.999914379655088
3.8459759759759757,0.999922455142687
3.847977977977978,0.9999306249743222
3.84997997997998,0.9999387318203246
3.8519819819819823,0.9999466936569764
3.853983983983984,0.9999543136677121
3.855985985985986,0.9999615780485799
3.857987987987988,0.9999683344664042
3.85998998998999,0.9999744960269005
3.8619919919919923,0.9999799880990327
3.863993993993994,0.9999847443820219
3.865995995995996,0.9999887333976495
3.867997997997998,0.9999919193385256
3.87,0.9999942933018547
