D,2.87
g_e,-28.03
B,0.015
polar,10
azimuthal,20
nv_orientation,"(1, -1, -1)"
frequencies,"[1.87       1.872002   1.874004   1.87600601 1.87800801 1.88001001
 1.88201201 1.88401401 1.88601602 1.88801802 1.89002002 1.89202202
 1.89402402 1.89602603 1.89802803 1.90003003 1.90203203 1.90403403
 1.90603604 1.90803804 1.91004004 1.91204204 1.91404404 1.91604605
 1.91804805 1.92005005 1.92205205 1.92405405 1.92605606 1.92805806
 1.93006006 1.93206206 1.93406406 1.93606607 1.93806807 1.94007007
 1.94207207 1.94407407 1.94607608 1.94807808 1.95008008 1.95208208
 1.95408408 1.95608609 1.95808809 1.96009009 1.96209209 1.96409409
 1.9660961  1.9680981  1.9701001  1.9721021  1.9741041  1.97610611
 1.97810811 1.98011011 1.98211211 1.98411411 1.98611612 1.98811812
 1.99012012 1.99212212 1.99412412 1.99612613 1.99812813 2.00013013
 2.00213213 2.00413413 2.00613614 2.00813814 2.01014014 2.01214214
 2.01414414 2.01614615 2.01814815 2.02015015 2.02215215 2.02415415
 2.02615616 2.02815816 2.03016016 2.03216216 2.03416416 2.03616617
 2.03816817 2.04017017 2.04217217 2.04417417 2.04617618 2.04817818
 2.05018018 2.05218218 2.05418418 2.05618619 2.05818819 2.06019019
 2.06219219 2.06419419 2.0661962  2.0681982  2.0702002  2.0722022
 2.0742042  2.07620621 2.07820821 2.08021021 2.08221221 2.08421421
 2.08621622 2.08821822 2.09022022 2.09222222 2.09422422 2.09622623
 2.09822823 2.10023023 2.10223223 2.10423423 2.10623624 2.10823824
 2.11024024 2.11224224 2.11424424 2.11624625 2.11824825 2.12025025
 2.12225225 2.12425425 2.12625626 2.12825826 2.13026026 2.13226226
 2.13426426 2.13626627 2.13826827 2.14027027 2.14227227 2.14427427
 2.14627628 2.14827828 2.15028028 2.15228228 2.15428428 2.15628629
 2.15828829 2.16029029 2.16229229 2.16429429 2.1662963  2.1682983
 2.1703003  2.1723023  2.1743043  2.17630631 2.17830831 2.18031031
 2.18231231 2.18431431 2.18631632 2.18831832 2.19032032 2.19232232
 2.19432432 2.19632633 2.19832833 2.20033033 2.20233233 2.20433433
 2.20633634 2.20833834 2.21034034 2.21234234 2.21434434 2.21634635
 2.21834835 2.22035035 2.22235235 2.22435435 2.22635636 2.22835836
 2.23036036 2.23236236 2.23436436 2.23636637 2.23836837 2.24037037
 2.24237237 2.24437437 2.24637638 2.24837838 2.25038038 2.25238238
 2.25438438 2.25638639 2.25838839 2.26039039 2.26239239 2.26439439
 2.2663964  2.2683984  2.2704004  2.2724024  2.2744044  2.27640641
 2.27840841 2.28041041 2.28241241 2.28441441 2.28641642 2.28841842
 2.29042042 2.29242242 2.29442442 2.29642643 2.29842843 2.30043043
 2.30243243 2.30443443 2.30643644 2.30843844 2.31044044 2.31244244
 2.31444444 2.31644645 2.31844845 2.32045045 2.32245245 2.32445445
 2.32645646 2.32845846 2.33046046 2.33246246 2.33446446 2.33646647
 2.33846847 2.34047047 2.34247247 2.34447447 2.34647648 2.34847848
 2.35048048 2.35248248 2.35448448 2.35648649 2.35848849 2.36049049
 2.36249249 2.36449449 2.3664965  2.3684985  2.3705005  2.3725025
 2.3745045  2.37650651 2.37850851 2.38051051 2.38251251 2.38451451
 2.38651652 2.38851852 2.39052052 2.39252252 2.39452452 2.39652653
 2.39852853 2.40053053 2.40253253 2.40453453 2.40653654 2.40853854
 2.41054054 2.41254254 2.41454454 2.41654655 2.41854855 2.42055055
 2.42255255 2.42455455 2.42655656 2.42855856 2.43056056 2.43256256
 2.43456456 2.43656657 2.43856857 2.44057057 2.44257257 2.44457457
 2.44657658 2.44857858 2.45058058 2.45258258 2.45458458 2.45658659
 2.45858859 2.46059059 2.46259259 2.46459459 2.4665966  2.4685986
 2.4706006  2.4726026  2.4746046  2.47660661 2.47860861 2.48061061
 2.48261261 2.48461461 2.48661662 2.48861862 2.49062062 2.49262262
 2.49462462 2.49662663 2.49862863 2.50063063 2.50263263 2.50463463
 2.50663664 2.50863864 2.51064064 2.51264264 2.51464464 2.51664665
 2.51864865 2.52065065 2.52265265 2.52465465 2.52665666 2.52865866
 2.53066066 2.53266266 2.53466466 2.53666667 2.53866867 2.54067067
 2.54267267 2.54467467 2.54667668 2.54867868 2.55068068 2.55268268
 2.55468468 2.55668669 2.55868869 2.56069069 2.56269269 2.56469469
 2.5666967  2.5686987  2.5707007  2.5727027  2.5747047  2.57670671
 2.57870871 2.58071071 2.58271271 2.58471471 2.58671672 2.58871872
 2.59072072 2.59272272 2.59472472 2.59672673 2.59872873 2.60073073
 2.60273273 2.60473473 2.60673674 2.60873874 2.61074074 2.61274274
 2.61474474 2.61674675 2.61874875 2.62075075 2.62275275 2.62475475
 2.62675676 2.62875876 2.63076076 2.63276276 2.63476476 2.63676677
 2.63876877 2.64077077 2.64277277 2.64477477 2.64677678 2.64877878
 2.65078078 2.65278278 2.65478478 2.65678679 2.65878879 2.66079079
 2.66279279 2.66479479 2.6667968  2.6687988  2.6708008  2.6728028
 2.6748048  2.67680681 2.67880881 2.68081081 2.68281281 2.68481481
 2.68681682 2.68881882 2.69082082 2.69282282 2.69482482 2.69682683
 2.69882883 2.70083083 2.70283283 2.70483483 2.70683684 2.70883884
 2.71084084 2.71284284 2.71484484 2.71684685 2.71884885 2.72085085
 2.72285285 2.72485485 2.72685686 2.72885886 2.73086086 2.73286286
 2.73486486 2.73686687 2.73886887 2.74087087 2.74287287 2.74487487
 2.74687688 2.74887888 2.75088088 2.75288288 2.75488488 2.75688689
 2.75888889 2.76089089 2.76289289 2.76489489 2.7668969  2.7688989
 2.7709009  2.7729029  2.7749049  2.77690691 2.77890891 2.78091091
 2.78291291 2.78491491 2.78691692 2.78891892 2.79092092 2.79292292
 2.79492492 2.79692693 2.79892893 2.80093093 2.80293293 2.80493493
 2.80693694 2.80893894 2.81094094 2.81294294 2.81494494 2.81694695
 2.81894895 2.82095095 2.82295295 2.82495495 2.82695696 2.82895896
 2.83096096 2.83296296 2.83496496 2.83696697 2.83896897 2.84097097
 2.84297297 2.84497497 2.84697698 2.84897898 2.85098098 2.85298298
 2.85498498 2.85698699 2.85898899 2.86099099 2.86299299 2.86499499
 2.866997   2.868999   2.871001   2.873003   2.87500501 2.87700701
 2.87900901 2.88101101 2.88301301 2.88501502 2.88701702 2.88901902
 2.89102102 2.89302302 2.89502503 2.89702703 2.89902903 2.90103103
 2.90303303 2.90503504 2.90703704 2.90903904 2.91104104 2.91304304
 2.91504505 2.91704705 2.91904905 2.92105105 2.92305305 2.92505506
 2.92705706 2.92905906 2.93106106 2.93306306 2.93506507 2.93706707
 2.93906907 2.94107107 2.94307307 2.94507508 2.94707708 2.94907908
 2.95108108 2.95308308 2.95508509 2.95708709 2.95908909 2.96109109
 2.96309309 2.9650951  2.9670971  2.9690991  2.9711011  2.9731031
 2.97510511 2.97710711 2.97910911 2.98111111 2.98311311 2.98511512
 2.98711712 2.98911912 2.99112112 2.99312312 2.99512513 2.99712713
 2.99912913 3.00113113 3.00313313 3.00513514 3.00713714 3.00913914
 3.01114114 3.01314314 3.01514515 3.01714715 3.01914915 3.02115115
 3.02315315 3.02515516 3.02715716 3.02915916 3.03116116 3.03316316
 3.03516517 3.03716717 3.03916917 3.04117117 3.04317317 3.04517518
 3.04717718 3.04917918 3.05118118 3.05318318 3.05518519 3.05718719
 3.05918919 3.06119119 3.06319319 3.0651952  3.0671972  3.0691992
 3.0712012  3.0732032  3.07520521 3.07720721 3.07920921 3.08121121
 3.08321321 3.08521522 3.08721722 3.08921922 3.09122122 3.09322322
 3.09522523 3.09722723 3.09922923 3.10123123 3.10323323 3.10523524
 3.10723724 3.10923924 3.11124124 3.11324324 3.11524525 3.11724725
 3.11924925 3.12125125 3.12325325 3.12525526 3.12725726 3.12925926
 3.13126126 3.13326326 3.13526527 3.13726727 3.13926927 3.14127127
 3.14327327 3.14527528 3.14727728 3.14927928 3.15128128 3.15328328
 3.15528529 3.15728729 3.15928929 3.16129129 3.16329329 3.1652953
 3.1672973  3.1692993  3.1713013  3.1733033  3.17530531 3.17730731
 3.17930931 3.18131131 3.18331331 3.18531532 3.18731732 3.18931932
 3.19132132 3.19332332 3.19532533 3.19732733 3.19932933 3.20133133
 3.20333333 3.20533534 3.20733734 3.20933934 3.21134134 3.21334334
 3.21534535 3.21734735 3.21934935 3.22135135 3.22335335 3.22535536
 3.22735736 3.22935936 3.23136136 3.23336336 3.23536537 3.23736737
 3.23936937 3.24137137 3.24337337 3.24537538 3.24737738 3.24937938
 3.25138138 3.25338338 3.25538539 3.25738739 3.25938939 3.26139139
 3.26339339 3.2653954  3.2673974  3.2693994  3.2714014  3.2734034
 3.27540541 3.27740741 3.27940941 3.28141141 3.28341341 3.28541542
 3.28741742 3.28941942 3.29142142 3.29342342 3.29542543 3.29742743
 3.29942943 3.30143143 3.30343343 3.30543544 3.30743744 3.30943944
 3.31144144 3.31344344 3.31544545 3.31744745 3.31944945 3.32145145
 3.32345345 3.32545546 3.32745746 3.32945946 3.33146146 3.33346346
 3.33546547 3.33746747 3.33946947 3.34147147 3.34347347 3.34547548
 3.34747748 3.34947948 3.35148148 3.35348348 3.35548549 3.35748749
 3.35948949 3.36149149 3.36349349 3.3654955  3.3674975  3.3694995
 3.3715015  3.3735035  3.37550551 3.37750751 3.37950951 3.38151151
 3.38351351 3.38551552 3.38751752 3.38951952 3.39152152 3.39352352
 3.39552553 3.39752753 3.39952953 3.40153153 3.40353353 3.40553554
 3.40753754 3.40953954 3.41154154 3.41354354 3.41554555 3.41754755
 3.41954955 3.42155155 3.42355355 3.42555556 3.42755756 3.42955956
 3.43156156 3.43356356 3.43556557 3.43756757 3.43956957 3.44157157
 3.44357357 3.44557558 3.44757758 3.44957958 3.45158158 3.45358358
 3.45558559 3.45758759 3.45958959 3.46159159 3.46359359 3.4655956
 3.4675976  3.4695996  3.4716016  3.4736036  3.47560561 3.47760761
 3.47960961 3.48161161 3.48361361 3.48561562 3.48761762 3.48961962
 3.49162162 3.49362362 3.49562563 3.49762763 3.49962963 3.50163163
 3.50363363 3.50563564 3.50763764 3.50963964 3.51164164 3.51364364
 3.51564565 3.51764765 3.51964965 3.52165165 3.52365365 3.52565566
 3.52765766 3.52965966 3.53166166 3.53366366 3.53566567 3.53766767
 3.53966967 3.54167167 3.54367367 3.54567568 3.54767768 3.54967968
 3.55168168 3.55368368 3.55568569 3.55768769 3.55968969 3.56169169
 3.56369369 3.5656957  3.5676977  3.5696997  3.5717017  3.5737037
 3.57570571 3.57770771 3.57970971 3.58171171 3.58371371 3.58571572
 3.58771772 3.58971972 3.59172172 3.59372372 3.59572573 3.59772773
 3.59972973 3.60173173 3.60373373 3.60573574 3.60773774 3.60973974
 3.61174174 3.61374374 3.61574575 3.61774775 3.61974975 3.62175175
 3.62375375 3.62575576 3.62775776 3.62975976 3.63176176 3.63376376
 3.63576577 3.63776777 3.63976977 3.64177177 3.64377377 3.64577578
 3.64777778 3.64977978 3.65178178 3.65378378 3.65578579 3.65778779
 3.65978979 3.66179179 3.66379379 3.6657958  3.6677978  3.6697998
 3.6718018  3.6738038  3.67580581 3.67780781 3.67980981 3.68181181
 3.68381381 3.68581582 3.68781782 3.68981982 3.69182182 3.69382382
 3.69582583 3.69782783 3.69982983 3.70183183 3.70383383 3.70583584
 3.70783784 3.70983984 3.71184184 3.71384384 3.71584585 3.71784785
 3.71984985 3.72185185 3.72385385 3.72585586 3.72785786 3.72985986
 3.73186186 3.73386386 3.73586587 3.73786787 3.73986987 3.74187187
 3.74387387 3.74587588 3.74787788 3.74987988 3.75188188 3.75388388
 3.75588589 3.75788789 3.75988989 3.76189189 3.76389389 3.7658959
 3.7678979  3.7698999  3.7719019  3.7739039  3.77590591 3.77790791
 3.77990991 3.78191191 3.78391391 3.78591592 3.78791792 3.78991992
 3.79192192 3.79392392 3.79592593 3.79792793 3.79992993 3.80193193
 3.80393393 3.80593594 3.80793794 3.80993994 3.81194194 3.81394394
 3.81594595 3.81794795 3.81994995 3.82195195 3.82395395 3.82595596
 3.82795796 3.82995996 3.83196196 3.83396396 3.83596597 3.83796797
 3.83996997 3.84197197 3.84397397 3.84597598 3.84797798 3.84997998
 3.85198198 3.85398398 3.85598599 3.85798799 3.85998999 3.86199199
 3.86399399 3.865996   3.867998   3.87      ]"
t,50
n_evolution,200
amp,0.01

Frequencies,Fidelities
1.87,0.9748770090146244
1.872002002002002,0.9749490195557233
1.874004004004004,0.9750301720566125
1.8760060060060062,0.9751201698020255
1.8780080080080082,0.9752180508583277
1.8800100100100101,0.9753229070874703
1.882012012012012,0.9754335765521889
1.884014014014014,0.9755490201236927
1.8860160160160162,0.9756682131639723
1.8880180180180182,0.9757897870639576
1.8900200200200201,0.9759129802278967
1.892022022022022,0.9760358804377677
1.894024024024024,0.9761577608602212
1.8960260260260262,0.976277854731374
1.8980280280280282,0.9763941266063523
1.9000300300300301,0.9765061482075925
1.902032032032032,0.9766127343666579
1.904034034034034,0.9767130534382829
1.9060360360360362,0.9768059537165068
1.9080380380380382,0.9768905917103079
1.9100400400400401,0.9769660292343051
1.912042042042042,0.9770318109464999
1.914044044044044,0.9770870766163207
1.9160460460460462,0.9771312326271163
1.9180480480480482,0.9771642085424903
1.9200500500500501,0.9771849439338085
1.922052052052052,0.9771936637767074
1.924054054054054,0.9771902830497387
1.9260560560560562,0.9771744804067886
1.9280580580580582,0.9771463443194883
1.9300600600600601,0.9771061198488803
1.932062062062062,0.9770541082290769
1.934064064064064,0.9769908472585629
1.9360660660660662,0.9769165585305575
1.9380680680680682,0.9768320423876351
1.9400700700700702,0.9767382530575841
1.942072072072072,0.976635549572074
1.944074074074074,0.9765251852679409
1.9460760760760762,0.9764083379106099
1.9480780780780782,0.9762856288195245
1.9500800800800802,0.976158879897156
1.9520820820820821,0.9760288657393976
1.954084084084084,0.9758972607707234
1.9560860860860863,0.9757652017560181
1.9580880880880882,0.9756341254995379
1.9600900900900902,0.9755053729992595
1.9620920920920921,0.9753806213249263
1.9640940940940943,0.9752603490513638
1.9660960960960963,0.9751471526514338
1.9680980980980982,0.9750408973402025
1.9701001001001002,0.9749436572257739
1.9721021021021021,0.9748562204441075
1.9741041041041043,0.9747795812875597
1.9761061061061063,0.97471464955598
1.9781081081081082,0.9746621118241257
1.9801101101101102,0.9746225822752195
1.9821121121121121,0.9745966615523984
1.9841141141141143,0.9745843834664507
1.9861161161161163,0.9745860582865633
1.9881181181181182,0.9746017503124678
1.9901201201201202,0.9746313664344328
1.9921221221221221,0.9746742784728402
1.9941241241241243,0.9747305047590535
1.9961261261261263,0.9747992999527493
1.9981281281281282,0.9748798220836078
2.00013013013013,0.9749716020381217
2.0021321321321324,0.9750735461913673
2.004134134134134,0.9751846529584913
2.0061361361361363,0.9753037737886882
2.008138138138138,0.9754297203302512
2.01014014014014,0.9755614327057368
2.0121421421421424,0.97569747881409
2.014144144144144,0.9758366783117054
2.0161461461461463,0.9759776918720986
2.018148148148148,0.9761191042892177
2.02015015015015,0.9762599402644192
2.0221521521521524,0.9763980614696437
2.024154154154154,0.9765326255216263
2.0261561561561563,0.976662592120707
2.028158158158158,0.9767864215679474
2.03016016016016,0.9769032402897342
2.0321621621621624,0.9770117400393743
2.034164164164164,0.9771108471404202
2.0361661661661663,0.9771997763141991
2.038168168168168,0.9772774824448021
2.04017017017017,0.9773434024697756
2.0421721721721724,0.977396317665842
2.044174174174174,0.9774364370878976
2.0461761761761763,0.9774630951418661
2.0481781781781785,0.9774752763260315
2.0501801801801802,0.9774734807340788
2.0521821821821824,0.9774573744574915
2.054184184184184,0.9774272096637235
2.0561861861861863,0.9773826680557922
2.0581881881881885,0.9773246358865867
2.0601901901901902,0.9772531675673471
2.0621921921921924,0.9771687027807505
2.064194194194194,0.9770727785950929
2.0661961961961963,0.9769650688738916
2.0681981981981985,0.9768474564150631
2.0702002002002002,0.976720550294659
2.0722022022022024,0.9765857448024292
2.074204204204204,0.9764443819991186
2.0762062062062063,0.9762974905723001
2.0782082082082085,0.9761471483339481
2.0802102102102102,0.9759941800502073
2.0822122122122124,0.9758407493053632
2.084214214214214,0.975688036445032
2.0862162162162163,0.9755378673847079
2.0882182182182185,0.9753917191936967
2.0902202202202202,0.9752511343585739
2.0922222222222224,0.9751178426623405
2.094224224224224,0.9749928768916014
2.0962262262262263,0.9748782043896823
2.0982282282282285,0.9747751517624201
2.1002302302302303,0.9746835851584472
2.1022322322322324,0.9746060901733036
2.104234234234234,0.9745424876448522
2.1062362362362363,0.9744943005426492
2.1082382382382385,0.9744620658329699
2.1102402402402403,0.9744452262121217
2.1122422422422424,0.9744452675621522
2.114244244244244,0.9744611969283571
2.1162462462462464,0.9744935430774152
2.1182482482482485,0.9745417874755926
2.1202502502502503,0.9746057441952757
2.1222522522522524,0.9746843034907742
2.124254254254254,0.9747771747439613
2.1262562562562564,0.9748832449116013
2.1282582582582585,0.9750020459636887
2.1302602602602603,0.9751309384849405
2.1322622622622625,0.9752701109841899
2.134264264264264,0.9754179864773991
2.1362662662662664,0.9755725615112311
2.1382682682682685,0.9757329596808177
2.1402702702702703,0.9758976886201352
2.1422722722722725,0.9760644213590866
2.144274274274274,0.9762325304984611
2.1462762762762764,0.9763996611392829
2.1482782782782786,0.976565229649445
2.1502802802802803,0.9767264060994055
2.1522822822822825,0.9768826117557938
2.154284284284284,0.9770320691809842
2.1562862862862864,0.9771733853411461
2.1582882882882886,0.9773050606064142
2.1602902902902903,0.9774262782082848
2.1622922922922925,0.9775354551627071
2.164294294294294,0.977632276519565
2.1662962962962964,0.9777137820633857
2.1682982982982986,0.9777815213376417
2.1703003003003003,0.9778324303169599
2.1723023023023025,0.9778690769588881
2.1743043043043047,0.9778876194285326
2.1763063063063064,0.9778895776188825
2.1783083083083086,0.9778743263432075
2.1803103103103103,0.9778419566193077
2.1823123123123125,0.977792727237514
2.1843143143143147,0.9777266287164507
2.1863163163163164,0.9776445110657208
2.1883183183183186,0.9775464933367004
2.1903203203203203,0.977434031758615
2.1923223223223225,0.9773079584555708
2.1943243243243247,0.9771689104645341
2.1963263263263264,0.9770187324640505
2.1983283283283286,0.9768580505785125
2.2003303303303303,0.9766890989947465
2.2023323323323325,0.9765133971354258
2.2043343343343347,0.9763325937674312
2.2063363363363364,0.9761485765086857
2.2083383383383386,0.9759630336524774
2.2103403403403403,0.9757781337168698
2.2123423423423425,0.9755956404066702
2.2143443443443447,0.975417557105406
2.2163463463463464,0.975245921626136
2.2183483483483486,0.9750824380072086
2.2203503503503503,0.9749288324089487
2.2223523523523525,0.9747868360039516
2.2243543543543547,0.9746581384656593
2.2263563563563564,0.9745441182638295
2.2283583583583586,0.9744462261697018
2.2303603603603603,0.9743653368666613
2.2323623623623625,0.9743025885375918
2.2343643643643647,0.9742587370507825
2.2363663663663664,0.9742343313680131
2.2383683683683686,0.9742296895956308
2.2403703703703703,0.974245032205918
2.2423723723723725,0.9742801050792371
2.2443743743743747,0.9743349782380297
2.2463763763763764,0.9744090880771077
2.2483783783783786,0.9745015205682114
2.2503803803803804,0.9746116966285121
2.2523823823823825,0.9747384780821174
2.2543843843843847,0.9748810977248201
2.2563863863863864,0.9750374731823366
2.2583883883883886,0.9752068223868702
2.2603903903903904,0.975387138603891
2.2623923923923925,0.9755769907433787
2.2643943943943947,0.9757743315228169
2.2663963963963965,0.9759777503942854
2.2683983983983986,0.9761849641705267
2.2704004004004004,0.9763942846728553
2.2724024024024025,0.9766035298675754
2.2744044044044047,0.9768110920115645
2.2764064064064065,0.9770149004729385
2.2784084084084086,0.9772131155538828
2.2804104104104104,0.9774034972638924
2.2824124124124126,0.9775847494183862
2.2844144144144147,0.9777549369619101
2.2864164164164165,0.9779123789420268
2.2884184184184186,0.9780554646555438
2.2904204204204204,0.9781829734289957
2.2924224224224226,0.9782934254732099
2.2944244244244247,0.9783856253499166
2.2964264264264265,0.9784586470550817
2.2984284284284286,0.9785116233270494
2.3004304304304304,0.9785436938186023
2.3024324324324326,0.9785544099140742
2.3044344344344347,0.9785437172147317
2.3064364364364365,0.9785111135335447
2.3084384384384387,0.9784569033832871
2.3104404404404404,0.9783812282349063
2.3124424424424426,0.9782844552923056
2.3144444444444447,0.9781676207073446
2.3164464464464465,0.9780315603600716
2.3184484484484487,0.9778772894315522
2.3204504504504504,0.9777055938051326
2.3224524524524526,0.9775194469259985
2.3244544544544548,0.9773194186140959
2.3264564564564565,0.977107606046568
2.3284584584584587,0.9768860307060728
2.3304604604604604,0.9766569266622322
2.3324624624624626,0.9764226164689722
2.3344644644644648,0.9761854925813994
2.3364664664664665,0.9759478314478889
2.3384684684684687,0.9757121963759898
2.3404704704704704,0.9754813387418244
2.3424724724724726,0.9752574661096641
2.3444744744744748,0.9750428692790635
2.3464764764764765,0.9748401220642992
2.3484784784784787,0.9746511863589303
2.3504804804804804,0.9744787386846523
2.3524824824824826,0.974324366014091
2.3544844844844848,0.9741897968121872
2.3564864864864865,0.9740767455163432
2.3584884884884887,0.9739866723680439
2.3604904904904904,0.9739203311658302
2.3624924924924926,0.9738791398162236
2.364494494494495,0.9738634875993701
2.3664964964964965,0.9738736827435479
2.3684984984984987,0.9739099191163886
2.3705005005005004,0.9739719921555873
2.3725025025025026,0.9740596345461011
2.374504504504505,0.9741720552010444
2.3765065065065065,0.9743083360315004
2.3785085085085087,0.9744672830417748
2.3805105105105104,0.9746474561743683
2.3825125125125126,0.9748481877214293
2.384514514514515,0.975066513349002
2.3865165165165165,0.9753009670181692
2.3885185185185187,0.9755494396134912
2.3905205205205204,0.9758098502459936
2.3925225225225226,0.9760797685695455
2.394524524524525,0.9763567967295333
2.3965265265265265,0.9766383712275473
2.3985285285285287,0.976922045836898
2.4005305305305304,0.9772053171178942
2.4025325325325326,0.9774854105788464
2.404534534534535,0.9777598686294452
2.4065365365365365,0.9780261778376204
2.4085385385385387,0.9782819904815134
2.4105405405405405,0.9785240007916004
2.4125425425425426,0.9787509724085826
2.414544544544545,0.9789602667810009
2.4165465465465465,0.9791500015761563
2.4185485485485487,0.9793172736576687
2.4205505505505505,0.9794607575252954
2.4225525525525526,0.9795793654847234
2.424554554554555,0.979671185531553
2.4265565565565566,0.9797355533418095
2.4285585585585587,0.9797704289095449
2.4305605605605605,0.979775816260906
2.4325625625625626,0.9797515455091882
2.434564564564565,0.9796963177704407
2.4365665665665666,0.9796112846450405
2.4385685685685687,0.9794969944775769
2.4405705705705705,0.9793525756180856
2.4425725725725727,0.9791804007044602
2.444574574574575,0.9789815692040809
2.4465765765765766,0.978757374655266
2.4485785785785787,0.9785100426098994
2.4505805805805805,0.9782408068938244
2.4525825825825827,0.9779535044811536
2.454584584584585,0.9776492650543185
2.4565865865865866,0.97733269043818
2.4585885885885888,0.9770050249535662
2.4605905905905905,0.9766713426234683
2.4625925925925927,0.9763331653772098
2.464594594594595,0.9759954653241758
2.4665965965965966,0.9756607878192435
2.4685985985985988,0.9753334426494077
2.4706006006006005,0.97501607483781
2.4726026026026027,0.9747127409482772
2.474604604604605,0.9744267198380747
2.4766066066066066,0.9741611922058254
2.4786086086086088,0.9739191025717133
2.4806106106106105,0.9737032857403075
2.4826126126126127,0.973516526993377
2.484614614614615,0.9733609578989276
2.4866166166166166,0.9732385641924615
2.4886186186186188,0.9731515110454683
2.4906206206206205,0.9731004022625985
2.4926226226226227,0.9730869887921907
2.494624624624625,0.9731113520364487
2.4966266266266266,0.9731743107853844
2.498628628628629,0.9732755946637084
2.5006306306306305,0.9734147795164934
2.5026326326326327,0.9735909083492515
2.504634634634635,0.9738032275090022
2.5066366366366366,0.9740500784794541
2.508638638638639,0.9743296748932809
2.5106406406406405,0.9746398101931977
2.5126426426426427,0.9749783692310896
2.514644644644645,0.9753424239601052
2.5166466466466466,0.9757291625052613
2.518648648648649,0.9761359135716954
2.5206506506506505,0.9765586989072081
2.5226526526526527,0.976994683380737
2.524654654654655,0.9774398885576854
2.5266566566566566,0.9778903949669213
2.528658658658659,0.9783425927096604
2.5306606606606605,0.9787926486955855
2.5326626626626627,0.9792360922622141
2.534664664664665,0.9796698878565298
2.5366666666666666,0.9800888302905018
2.538668668668669,0.9804899730088585
2.5406706706706705,0.9808694361154154
2.5426726726726727,0.9812222493560703
2.544674674674675,0.9815464905768021
2.5466766766766766,0.9818369257228468
2.548678678678679,0.9820916374927438
2.5506806806806805,0.9823068583070116
2.5526826826826827,0.9824804810274899
2.554684684684685,0.9826096564983766
2.5566866866866866,0.9826920473956677
2.558688688688689,0.9827262070429905
2.5606906906906906,0.9827106730609843
2.5626926926926927,0.9826442845384101
2.564694694694695,0.9825263848540738
2.5666966966966966,0.9823576770174667
2.568698698698699,0.9821380420148078
2.5707007007007006,0.9818685928271407
2.5727027027027027,0.9815506452018725
2.574704704704705,0.9811861982154099
2.5767067067067067,0.9807778476649934
2.578708708708709,0.9803285307005563
2.5807107107107106,0.9798416176968786
2.5827127127127127,0.9793209465801292
2.584714714714715,0.9787708722370705
2.5867167167167167,0.9781960732419613
2.588718718718719,0.9776018222990734
2.5907207207207206,0.9769932871594614
2.5927227227227228,0.9763760336805587
2.594724724724725,0.9757560893181587
2.5967267267267267,0.9751392289012963
2.598728728728729,0.9745316037196636
2.6007307307307306,0.9739391414436985
2.6027327327327328,0.9733678580521501
2.604734734734735,0.9728239040135092
2.606736736736737,0.972312871048592
2.608738738738739,0.9718402703705082
2.6107407407407406,0.9714114069691524
2.6127427427427428,0.9710312236712807
2.614744744744745,0.9707046456258808
2.616746746746747,0.970435152667127
2.618748748748749,0.9702271725589913
2.6207507507507506,0.9700836979751897
2.6227527527527528,0.9700076553565382
2.624754754754755,0.9700011968683115
2.626756756756757,0.9700661795250154
2.628758758758759,0.9702039500217066
2.6307607607607606,0.9704150482828293
2.6327627627627628,0.9706998330685604
2.634764764764765,0.9710578639690123
2.636766766766767,0.9714884405792954
2.638768768768769,0.9719902454762083
2.6407707707707706,0.9725609802443103
2.642772772772773,0.9731986801541475
2.644774774774775,0.973900488829889
2.646776776776777,0.9746628695778403
2.648778778778779,0.9754824047166908
2.6507807807807806,0.9763547475536029
2.652782782782783,0.9772751371139489
2.654784784784785,0.9782392771969325
2.656786786786787,0.9792409375625604
2.658788788788789,0.9802749795419594
2.6607907907907906,0.9813350719790086
2.662792792792793,0.9824149540288706
2.664794794794795,0.9835078203041923
2.666796796796797,0.984607011619899
2.668798798798799,0.9857048774763044
2.6708008008008006,0.9867946635194943
2.672802802802803,0.9878686368107306
2.674804804804805,0.9889185089426351
2.676806806806807,0.9899376998289754
2.678808808808809,0.9909166054307832
2.680810810810811,0.9918498819213267
2.682812812812813,0.9927269585459789
2.684814814814815,0.9935426924790897
2.686816816816817,0.9942884649446349
2.688818818818819,0.994957682125621
2.690820820820821,0.995543542294619
2.692822822822823,0.9960396917788887
2.694824824824825,0.996439992776893
2.696826826826827,0.9967392396326323
2.698828828828829,0.9969327067003655
2.700830830830831,0.9970164159434058
2.702832832832833,0.9969868648432828
2.704834834834835,0.9968414822892739
2.706836836836837,0.9965786119677689
2.708838838838839,0.9961977480349997
2.710840840840841,0.9956969227455401
2.712842842842843,0.9950790684144291
2.714844844844845,0.9943453054132904
2.716846846846847,0.9934983714851451
2.718848848848849,0.9925421840166397
2.720850850850851,0.991479802308238
2.722852852852853,0.9903161110109826
2.724854854854855,0.9890587215112281
2.726856856856857,0.9877139673018469
2.728858858858859,0.9862888540834753
2.730860860860861,0.9847913904823782
2.732862862862863,0.9832307565499288
2.734864864864865,0.9816139049256685
2.736866866866867,0.9799514408867926
2.738868868868869,0.9782530185783436
2.740870870870871,0.9765279043660318
2.742872872872873,0.9747859520873948
2.744874874874875,0.9730377542085404
2.746876876876877,0.971290787489674
2.748878878878879,0.9695572837043369
2.750880880880881,0.967844134599056
2.752882882882883,0.9661624136020014
2.754884884884885,0.9645199348575789
2.756886886886887,0.9629257791988992
2.758888888888889,0.9613869695776561
2.760890890890891,0.9599114686573083
2.762892892892893,0.9585061157145327
2.764894894894895,0.9571771536393849
2.766896896896897,0.9559303280857002
2.768898898898899,0.9547712572612308
2.770900900900901,0.9537053209492041
2.772902902902903,0.9527337489374907
2.774904904904905,0.9518627331609636
2.7769069069069072,0.951094259495196
2.778908908908909,0.9504304571599431
2.780910910910911,0.9498731171191401
2.782912912912913,0.9494229850212941
2.784914914914915,0.9490808979566808
2.7869169169169172,0.9488468318873586
2.788918918918919,0.9487196704343815
2.790920920920921,0.9486968798809226
2.792922922922923,0.9487792039126136
2.794924924924925,0.9489630116082519
2.7969269269269272,0.9492441431919321
2.798928928928929,0.9496224767409633
2.800930930930931,0.9500909810038727
2.802932932932933,0.9506463093196986
2.804934934934935,0.9512841549039321
2.8069369369369372,0.9519981746417439
2.808938938938939,0.9527836972344843
2.810940940940941,0.953633649175728
2.812942942942943,0.9545433475457314
2.814944944944945,0.9555050841476174
2.8169469469469473,0.9565107420263502
2.818948948948949,0.9575553418310425
2.820950950950951,0.9586306650843232
2.822952952952953,0.9597294050014673
2.824954954954955,0.9608440825389861
2.8269569569569573,0.9619672449134653
2.828958958958959,0.963092426794581
2.830960960960961,0.9642099079848487
2.832962962962963,0.965314371482823
2.834964964964965,0.9663988329661899
2.8369669669669673,0.967456528510533
2.838968968968969,0.9684809237790404
2.840970970970971,0.9694662163313155
2.842972972972973,0.97040690473486
2.844974974974975,0.9712975266829459
2.8469769769769773,0.9721339539879741
2.848978978978979,0.9729117337599047
2.850980980980981,0.9736273345002213
2.852982982982983,0.9742778689247992
2.854984984984985,0.9748614412689419
2.8569869869869873,0.9753742712092471
2.858988988988989,0.9758169569298658
2.860990990990991,0.9761880604628951
2.862992992992993,0.9764873813759671
2.864994994994995,0.9767158186893828
2.8669969969969973,0.9768733883452461
2.868998998998999,0.9769621243397826
2.871001001001001,0.9769838324072058
2.873003003003003,0.9769405442261425
2.875005005005005,0.9768353690374609
2.8770070070070073,0.9766711265268058
2.879009009009009,0.9764514488729563
2.881011011011011,0.97618038988631
2.883013013013013,0.9758607841765017
2.885015015015015,0.9754982784376365
2.8870170170170173,0.9750970910519188
2.889019019019019,0.9746612581213463
2.891021021021021,0.9741959943946122
2.893023023023023,0.9737061414272267
2.895025025025025,0.9731962758736611
2.8970270270270273,0.9726717059870049
2.899029029029029,0.9721372528144145
2.901031031031031,0.9715974753868578
2.903033033033033,0.9710572191696589
2.905035035035035,0.9705211691243192
2.9070370370370373,0.9699940006810504
2.909039039039039,0.9694799606385403
2.911041041041041,0.9689831350552272
2.913043043043043,0.9685074801244702
2.915045045045045,0.9680565767399587
2.9170470470470473,0.967633687755528
2.919049049049049,0.967242311525377
2.9210510510510512,0.9668856351503159
2.923053053053053,0.9665645453338713
2.925055055055055,0.9662830207465452
2.9270570570570573,0.9660412084172272
2.929059059059059,0.9658417200757778
2.9310610610610612,0.9656852892200963
2.933063063063063,0.9655725303243143
2.935065065065065,0.9655038891617095
2.9370670670670673,0.9654788326429127
2.939069069069069,0.965496149735841
2.9410710710710712,0.9655573507559865
2.943073073073073,0.9656599705840339
2.945075075075075,0.9658028213770105
2.9470770770770773,0.9659840677485254
2.949079079079079,0.9662019127600245
2.9510810810810812,0.9664539589428274
2.953083083083083,0.9667375964963535
2.955085085085085,0.9670504796300734
2.9570870870870873,0.9673895352862176
2.959089089089089,0.967752063830392
2.9610910910910913,0.9681339816480554
2.963093093093093,0.9685335840288218
2.965095095095095,0.9689465364220056
2.9670970970970973,0.969369811257222
2.9690990990990995,0.9698003030917739
2.9711011011011013,0.9702339674157567
2.973103103103103,0.9706681153764479
2.975105105105105,0.971099858526668
2.9771071071071074,0.9715252671174792
2.9791091091091095,0.9719416100811868
2.9811111111111113,0.9723455799476858
2.983113113113113,0.972734787692477
2.985115115115115,0.9731063798563544
2.9871171171171174,0.9734580493717451
2.9891191191191195,0.9737853192173821
2.9911211211211213,0.9740880330972019
2.993123123123123,0.9743633062349577
2.995125125125125,0.9746086856206231
2.9971271271271274,0.9748228271869337
2.9991291291291295,0.9750035113157627
3.0011311311311313,0.9751492238877735
3.003133133133133,0.9752586152786538
3.005135135135135,0.9753306296712316
3.0071371371371374,0.9753637769929745
3.0091391391391396,0.9753576805102007
3.0111411411411413,0.975311202977454
3.013143143143143,0.9752241100654442
3.015145145145145,0.9750960629838091
3.0171471471471474,0.9749266093159424
3.0191491491491496,0.9747165198834945
3.0211511511511513,0.9744658760662447
3.023153153153153,0.9741748408290263
3.025155155155155,0.9738437378521737
3.0271571571571574,0.9734746338611578
3.0291591591591596,0.9730675174293593
3.0311611611611613,0.9726241074561509
3.033163163163163,0.972145615878738
3.035165165165165,0.9716340998329158
3.0371671671671674,0.9710902028640641
3.0391691691691696,0.9705163953210696
3.0411711711711713,0.9699141796241642
3.043173173173173,0.9692858824100162
3.045175175175175,0.9686330858207631
3.0471771771771774,0.967957741081672
3.0491791791791796,0.9672625832967874
3.0511811811811813,0.9665490009545616
3.053183183183183,0.9658199271155969
3.0551851851851852,0.9650751275783827
3.0571871871871874,0.9643188906001292
3.0591891891891896,0.9635522135368795
3.0611911911911913,0.9627764544042001
3.063193193193193,0.9619957783342163
3.0651951951951952,0.9612088267911407
3.0671971971971974,0.9604189135645996
3.0691991991991996,0.9596275724205319
3.0712012012012013,0.9588369482162031
3.073203203203203,0.9580464194258389
3.0752052052052052,0.9572594802172285
3.0772072072072074,0.9564768965962702
3.0792092092092096,0.9557009838614461
3.0812112112112113,0.9549328769372707
3.083213213213213,0.9541735558412101
3.0852152152152152,0.9534254481925788
3.0872172172172174,0.9526893830436514
3.0892192192192196,0.9519697109369436
3.0912212212212213,0.9512628028333374
3.093223223223223,0.9505752162725383
3.0952252252252253,0.9499077607128399
3.0972272272272274,0.9492621357659083
3.0992292292292296,0.9486401794251612
3.1012312312312313,0.9480446177253394
3.103233233233233,0.947477352437924
3.1052352352352353,0.9469405959921962
3.1072372372372374,0.9464360803373775
3.1092392392392396,0.9459666897988843
3.1112412412412414,0.9455343183421823
3.113243243243243,0.9451401091073939
3.1152452452452453,0.9447890786688176
3.1172472472472474,0.9444796010149067
3.1192492492492496,0.9442147001746324
3.1212512512512514,0.9439972805614507
3.123253253253253,0.9438251008259356
3.1252552552552553,0.9437022596376599
3.1272572572572575,0.943628952212225
3.1292592592592596,0.9436055216733577
3.1312612612612614,0.9436324621029741
3.133263263263263,0.9437097450484435
3.1352652652652653,0.9438374396216609
3.1372672672672675,0.944014663301602
3.1392692692692696,0.9442407919327838
3.1412712712712714,0.9445152486780845
3.143273273273273,0.94483662003115
3.1452752752752753,0.9452032079097221
3.1472772772772775,0.9456142921243154
3.1492792792792796,0.9460673526572596
3.1512812812812814,0.9465608831333598
3.153283283283283,0.9470925941039889
3.1552852852852853,0.9476606759730601
3.1572872872872875,0.948262718456588
3.1592892892892896,0.9488972623941965
3.1612912912912914,0.9495605037494315
3.163293293293293,0.9502517831799657
3.1652952952952953,0.9509679568053406
3.1672972972972975,0.951707056526726
3.1692992992992997,0.9524667310412033
3.1713013013013014,0.9532449259220979
3.173303303303303,0.954039227166098
3.1753053053053053,0.9548474903221353
3.1773073073073075,0.9556672862743757
3.1793093093093097,0.9564968665097509
3.1813113113113114,0.9573338549217736
3.183313313313313,0.9581758153714992
3.1853153153153153,0.9590211003306486
3.1873173173173175,0.9598670283846557
3.1893193193193197,0.9607116316947897
3.1913213213213214,0.961552747543424
3.193323323323323,0.9623878281237305
3.1953253253253253,0.9632145448432903
3.1973273273273275,0.9640309274639197
3.1993293293293297,0.9648344713693313
3.2013313313313314,0.9656230060185956
3.203333333333333,0.9663938156325125
3.2053353353353353,0.9671456971583887
3.2073373373373375,0.9678752454305111
3.2093393393393397,0.9685804574340473
3.2113413413413414,0.9692599048253068
3.213343343343343,0.9699108052406233
3.2153453453453453,0.9705322193328936
3.2173473473473475,0.9711214780633306
3.2193493493493497,0.9716781410857274
3.2213513513513514,0.9722000542037394
3.223353353353353,0.9726865031350536
3.2253553553553553,0.9731369049544136
3.2273573573573575,0.9735497246555829
3.2293593593593597,0.9739255903225732
3.2313613613613614,0.974263817455499
3.233363363363363,0.97456499440158
3.2353653653653653,0.9748292636933786
3.2373673673673675,0.9750574346336657
3.2393693693693697,0.9752502542778032
3.2413713713713714,0.975409159179432
3.243373373373373,0.9755358085575841
3.2453753753753753,0.9756313651755368
3.2473773773773775,0.9756980740075577
3.2493793793793797,0.9757370889328083
3.2513813813813814,0.9757516260047882
3.253383383383383,0.9757433239214809
3.2553853853853854,0.975714310875386
3.2573873873873875,0.975667355846109
3.2593893893893897,0.9756045016161469
3.2613913913913914,0.9755281663157427
3.263393393393393,0.9754408571251643
3.2653953953953954,0.9753453693070071
3.2673973973973975,0.9752422607289479
3.2693993993993997,0.9751353355780066
3.2714014014014015,0.9750257687224075
3.273403403403403,0.9749154738683812
3.2754054054054054,0.9748070645505356
3.2774074074074075,0.974701333361512
3.2794094094094097,0.9746002346880493
3.2814114114114115,0.9745048654478752
3.283413413413413,0.9744164629032008
3.2854154154154154,0.9743365688530652
3.2874174174174176,0.9742658629834027
3.2894194194194197,0.9742052224614606
3.2914214214214215,0.9741549172138104
3.293423423423423,0.9741163466740341
3.2954254254254254,0.9740893679008508
3.2974274274274276,0.9740744735054179
3.2994294294294297,0.9740718560813519
3.3014314314314315,0.974081461225654
3.303433433433433,0.974103392226831
3.3054354354354354,0.9741374071218767
3.3074374374374376,0.974183653049608
3.3094394394394397,0.9742410223648721
3.3114414414414415,0.9743098003817152
3.313443443443443,0.9743888134119465
3.3154454454454454,0.9744774400390924
3.3174474474474476,0.9745749827912551
3.3194494494494498,0.9746809809439361
3.3214514514514515,0.974793904292548
3.323453453453453,0.9749131448043044
3.3254554554554554,0.9750368901378018
3.3274574574574576,0.9751644275904743
3.3294594594594598,0.9752944322491042
3.3314614614614615,0.9754253418715361
3.3334634634634632,0.9755562433317182
3.3354654654654654,0.9756856176269619
3.3374674674674676,0.975811983271603
3.3394694694694698,0.9759340765019162
3.3414714714714715,0.9760504722590191
3.3434734734734737,0.9761602700552386
3.3454754754754754,0.9762617045130098
3.3474774774774776,0.9763543139447077
3.3494794794794798,0.9764366274010421
3.3514814814814815,0.9765081830615292
3.3534834834834837,0.976567808549794
3.3554854854854854,0.976615173497047
3.3574874874874876,0.9766497121322819
3.3594894894894898,0.9766711114171351
3.3614914914914915,0.9766792572999072
3.3634934934934937,0.9766740331734717
3.3654954954954954,0.9766559114052233
3.3674974974974976,0.9766249674097914
3.3694994994995,0.976581528889517
3.3715015015015015,0.9765264678786143
3.3735035035035037,0.9764603569423314
3.3755055055055054,0.9763841452573506
3.3775075075075076,0.9762988025058947
3.37950950950951,0.9762051979995271
3.3815115115115115,0.9761046272134288
3.3835135135135137,0.9759980886697024
3.3855155155155154,0.975886297551154
3.3875175175175176,0.9757718668245345
3.38951951951952,0.9756550765401244
3.3915215215215215,0.9755367881312825
3.3935235235235237,0.9754185917938941
3.3955255255255254,0.9753021266015816
3.3975275275275276,0.9751879052046939
3.39952952952953,0.9750772684799498
3.4015315315315315,0.974971004145428
3.4035335335335337,0.9748705143709699
3.4055355355355355,0.9747762719145998
3.4075375375375376,0.9746890211020264
3.40953953953954,0.9746096685374348
3.4115415415415415,0.9745388380344496
3.4135435435435437,0.9744768840373925
3.4155455455455455,0.9744244050121689
3.4175475475475476,0.974381922700351
3.41954954954955,0.9743493801312242
3.4215515515515516,0.9743275595728726
3.4235535535535537,0.974315972954988
3.4255555555555555,0.9743148474124097
3.4275575575575576,0.9743244870075121
3.42955955955956,0.9743445664329652
3.4315615615615616,0.9743746323610991
3.4335635635635637,0.9744145030408433
3.4355655655655655,0.9744638331922428
3.4375675675675677,0.9745225769697546
3.43956956956957,0.9745897583182599
3.4415715715715716,0.9746650350915695
3.4435735735735737,0.9747473761116414
3.4455755755755755,0.9748364112992507
3.4475775775775777,0.9749309240926491
3.44957957957958,0.9750305224574557
3.4515815815815816,0.9751339946442551
3.4535835835835837,0.9752402910097757
3.4555855855855855,0.9753487133546357
3.4575875875875877,0.9754574549088578
3.45958958958959,0.9755663275039841
3.4615915915915916,0.9756737218723521
3.4635935935935938,0.9757786274387985
3.4655955955955955,0.9758795487196454
3.4675975975975977,0.975976547259719
3.4695995995996,0.9760677965756955
3.4716016016016016,0.9761520606961258
3.4736036036036038,0.9762292151906328
3.4756056056056055,0.9762977797214751
3.4776076076076077,0.9763576578757268
3.47960960960961,0.9764075862125992
3.481611611611612,0.9764475398927258
3.4836136136136138,0.9764770438295107
3.4856156156156155,0.9764956824241569
3.4876176176176177,0.9765032867946091
3.48961961961962,0.9765001931412787
3.491621621621622,0.9764859732826718
3.4936236236236238,0.9764612272554376
3.4956256256256255,0.9764262061057196
3.4976276276276277,0.9763813375438593
3.49962962962963,0.9763272468758244
3.501631631631632,0.9762646212586269
3.503633633633634,0.9761940842670671
3.5056356356356355,0.9761164045798816
3.5076376376376377,0.9760326688692951
3.50963963963964,0.9759436852779529
3.511641641641642,0.9758504240882158
3.513643643643644,0.9757540480089527
3.5156456456456455,0.9756552928565727
3.5176476476476477,0.9755554390510816
3.51964964964965,0.9754551594836975
3.521651651651652,0.975355665111556
3.523653653653654,0.9752578567063759
3.5256556556556555,0.9751624987581409
3.5276576576576577,0.9750709013187127
3.52965965965966,0.9749834204188597
3.531661661661662,0.9749006925085729
3.533663663663664,0.9748241978833025
3.5356656656656655,0.974753805983706
3.5376676676676677,0.9746902549675431
3.53966966966967,0.9746343614006185
3.541671671671672,0.9745861278597532
3.543673673673674,0.9745462994385166
3.5456756756756755,0.9745148931542664
3.5476776776776777,0.9744921830688795
3.54967967967968,0.9744786420935514
3.551681681681682,0.9744741069212561
3.553683683683684,0.9744784244429505
3.5556856856856855,0.9744917980799941
3.5576876876876877,0.9745138530470883
3.55968968968969,0.9745444979447001
3.561691691691692,0.9745835129396097
3.563693693693694,0.9746303037288943
3.5656956956956956,0.974684845205927
3.5676976976976977,0.9747463478766336
3.5696996996997,0.9748142987823967
3.571701701701702,0.9748880094130803
3.573703703703704,0.9749669750992491
3.5757057057057056,0.9750502231698344
3.5777077077077077,0.9751372947770258
3.57970970970971,0.975227080778234
3.581711711711712,0.975318778940961
3.583713713713714,0.9754112287627716
3.5857157157157156,0.975503959777994
3.5877177177177177,0.9755957021297921
3.58971971971972,0.9756856275924264
3.591721721721722,0.9757729203374734
3.593723723723724,0.9758565028107966
3.5957257257257256,0.9759355898029414
3.5977277277277278,0.9760092780905656
3.59972972972973,0.9760769464293805
3.601731731731732,0.9761376572199634
3.603733733733734,0.9761909538049582
3.6057357357357356,0.9762361848984515
3.6077377377377378,0.9762729199323722
3.60973973973974,0.9763009808466554
3.611741741741742,0.9763198193278313
3.613743743743744,0.9763294749182556
3.6157457457457456,0.9763298568485932
3.6177477477477478,0.9763208077840664
3.61974974974975,0.9763029373517375
3.621751751751752,0.9762762352467442
3.623753753753754,0.9762409841610173
3.6257557557557556,0.9761977068098744
3.6277577577577578,0.9761471022103301
3.62975975975976,0.9760893218582825
3.631761761761762,0.9760255146160337
3.633763763763764,0.9759559822019981
3.6357657657657656,0.9758823113768619
3.637767767767768,0.9758039988501691
3.63976976976977,0.9757230770169862
3.641771771771772,0.9756397608246815
3.643773773773774,0.9755550362698063
3.6457757757757756,0.9754696603061361
3.647777777777778,0.9753848256191293
3.64977977977978,0.9753009535572064
3.651781781781782,0.9752188358921003
3.653783783783784,0.9751395085299621
3.6557857857857856,0.9750637495103733
3.657787787787788,0.974991616217179
3.65978978978979,0.9749240779756478
3.661791791791792,0.974862426794077
3.663793793793794,0.9748060003236533
3.6657957957957956,0.9747561096140341
3.667797797797798,0.9747124647648433
3.6697997997998,0.9746753477589563
3.671801801801802,0.9746464549647673
3.673803803803804,0.9746251104751555
3.6758058058058056,0.9746109560441121
3.677807807807808,0.9746044368496798
3.67980980980981,0.9746056576322895
3.681811811811812,0.9746148081280754
3.683813813813814,0.9746315677802664
3.6858158158158156,0.9746559898178694
3.687817817817818,0.9746879805048032
3.68981981981982,0.9747262045837246
3.691821821821822,0.97477169330728
3.693823823823824,0.9748229061999173
3.6958258258258256,0.974880053474832
3.697827827827828,0.9749424998302398
3.69982982982983,0.9750099799686875
3.701831831831832,0.9750809256068751
3.703833833833834,0.9751551932229565
3.7058358358358356,0.9752320544746156
3.707837837837838,0.9753108168761814
3.70983983983984,0.9753909925873462
3.711841841841842,0.9754707603406949
3.713843843843844,0.9755508926450321
3.7158458458458457,0.9756284644155494
3.717847847847848,0.9757047377780108
3.71984984984985,0.9757775101798545
3.721851851851852,0.9758469620715242
3.723853853853854,0.9759121084982901
3.7258558558558557,0.9759712494297981
3.727857857857858,0.9760249349340424
3.72985985985986,0.9760728500386442
3.731861861861862,0.9761133963774467
3.733863863863864,0.9761469420634952
3.7358658658658657,0.9761729120150611
3.737867867867868,0.9761913291512062
3.73986986986987,0.9762015036046452
3.741871871871872,0.9762031022756474
3.743873873873874,0.9761973364702863
3.7458758758758757,0.9761841659386321
3.747877877877878,0.9761622436053654
3.74987987987988,0.9761335808290093
3.751881881881882,0.9760980524863367
3.753883883883884,0.976056288316691
3.7558858858858857,0.9760076842194128
3.757887887887888,0.975953266400115
3.75988988988989,0.9758948360277093
3.761891891891892,0.9758322527297237
3.763893893893894,0.975765127882452
3.7658958958958957,0.9756956837624771
3.767897897897898,0.9756238726393501
3.7698998998999,0.9755508389218095
3.771901901901902,0.9754772080319832
3.773903903903904,0.9754035272246495
3.7759059059059057,0.9753306421424693
3.777907907907908,0.9752596428902136
3.77990990990991,0.9751899803271509
3.7819119119119122,0.9751233673373094
3.783913913913914,0.975060333348554
3.7859159159159157,0.9750007585808435
3.787917917917918,0.9749463926914036
3.78991991991992,0.9748963057665367
3.7919219219219222,0.974850787373637
3.793923923923924,0.9748120735184544
3.7959259259259257,0.9747793198055121
3.797927927927928,0.974752200221375
3.79992992992993,0.9747316356842246
3.8019319319319322,0.9747180156577666
3.803933933933934,0.9747113715168563
3.8059359359359357,0.9747114611733991
3.807937937937938,0.9747177748966551
3.80993993993994,0.9747311553811218
3.8119419419419422,0.9747516512513896
3.813943943943944,0.9747778390183244
3.8159459459459457,0.9748104799334016
3.817947947947948,0.974849201183799
3.81994994994995,0.974893282083438
3.8219519519519523,0.9749428953402501
3.823953953953954,0.9749969881759069
3.8259559559559557,0.9750550137920981
3.827957957957958,0.9751164963983072
3.82995995995996,0.9751812402639011
3.8319619619619623,0.9752483405983052
3.833963963963964,0.9753171817648097
3.8359659659659657,0.975387070090016
3.837967967967968,0.9754575237033178
3.83996996996997,0.9755270596454664
3.8419719719719723,0.975596032600038
3.843973973973974,0.9756626341301164
3.8459759759759757,0.9757274064603669
3.847977977977978,0.9757887563900203
3.84997997997998,0.9758458448000524
3.8519819819819823,0.9758989176237765
3.853983983983984,0.9759468873429094
3.855985985985986,0.9759895690561531
3.857987987987988,0.9760253826176628
3.85998998998999,0.9760556159003375
3.8619919919919923,0.9760797200620113
3.863993993993994,0.9760962026609149
3.865995995995996,0.9761061172146617
3.867997997997998,0.9761092384021639
3.87,0.9761049156821631
